RA_PA, 1, 1.3
3, 6
1, 2
200000.0, 200000.0
1.4142135623730951, 2.449489742783178, 3.4641016151377544, 4.898979485566356, 6.928203230275509, 8.94427190999916, 11.40175425099138, 14.866068747318506, 19.77371993328519, 26.267851073127396, 34.20526275297414, 44.598206241955516, 58.01723881744115, 75.33923280734945, 98.14275317108238, 127.87493890516625, 166.55329477377504, 216.6333307688362, 281.5794736837186, 365.8647291007976, 475.4092973428265, 618.1504671194547, 804.0429093027312, 1045.4970109952492, 1359.2645070036958, 1767.2719089036639, 2297.234206605848, 2986.250994139642, 3882.5165807759277, 5047.951267593617, 6562.498914285625, 8530.967940392227
0.37541, 0.18689, 0.109125, 0.059675, 0.0303725, 0.018125, 0.010846666666666666, 0.00603125, 0.0031158333333333333, 0.0016364285714285714, 0.000905, 0.00046625, 0.00022666666666666668, 0.00013900000000000002, 6.365384615384616e-05, 3.661764705882353e-05, 1.8863636363636362e-05, 9.473684210526317e-06, 5.540540540540541e-06, 2.34375e-06, 1.32e-06, 9.509202453987731e-07, 4.245283018867925e-07, 2.5454545454545453e-07, 9.776536312849162e-08, 2.1505376344086022e-08, 8.278145695364238e-09, 1.9083969465648856e-08, 1.4677103718199608e-08, 1.504890895410083e-08, 5.793742757821553e-09, 0.0
0.0, 0.0, 0.0, 0.0, 0.0, 0.0, 0.0, 0.0, 0.0, 0.0, 0.0, 0.0, 0.0, 0.0, 0.0, 0.0, 0.0, 0.0, 0.0, 0.0, 0.0, 0.0, 0.0, 0.0, 0.0, 0.0, 0.0, 0.0, 0.0, 0.0, 0.0, 0.0
75082.0, 37378.0, 21825.0, 23870.0, 12149.0, 7250.0, 6508.0, 4825.0, 3739.0, 2291.0, 1629.0, 1119.0, 680.0, 556.0, 331.0, 249.0, 166.0, 108.0, 82.0, 45.0, 33.0, 31.0, 18.0, 14.0, 7.0, 2.0, 1.0, 3.0, 3.0, 4.0, 2.0, 0.0
0.0, 0.0, 0.0, 0.0, 0.0, 0.0, 0.0, 0.0, 0.0, 0.0, 0.0, 0.0, 0.0, 0.0, 0.0, 0.0, 0.0, 0.0, 0.0, 0.0, 0.0, 0.0, 0.0, 0.0, 0.0, 0.0, 0.0, 0.0, 0.0, 0.0, 0.0, 0.0
1, 2, 3, 4, 6, 8, 10, 13, 17, 23, 30, 39, 51, 66, 86, 112, 146, 190, 247, 321, 417, 542, 705, 917, 1192, 1550, 2015, 2619, 3405, 4427, 5756, 7482, 9727
2.449489742783178, 3.4641016151377544, 4.47213595499958, 5.916079783099616, 7.937253933193772, 10.392304845413264, 13.856406460551018, 18.33030277982336, 23.811761799581316, 30.740852297878796, 40.124805295477756, 52.53570214625479, 68.41052550594829, 89.19641248391103, 116.47317287684749, 151.68717810019407, 196.8552767898285, 255.7498778103325, 333.1065895475501, 433.2666615376724, 563.1589473674372, 732.1680135050971, 951.8271901978846, 1237.3095813093828, 1608.655960732437, 2091.43252341547, 2719.0991155160195, 3534.5438178073277, 4594.906963149526, 5973.5106093485765, 7766.041784590139, 10096.472651376816, 13125.436373698209
0.23017, 0.15309, 0.109455, 0.070645, 0.04301, 0.026096666666666664, 0.0148125, 0.008334, 0.004774166666666667, 0.002671875, 0.001463181818181818, 0.0007717857142857143, 0.0004044444444444444, 0.00021854166666666663, 0.00011983870967741938, 6e-05, 3.0294117647058817e-05, 1.8235294117647057e-05, 8.011363636363635e-06, 5e-06, 2.7364864864864865e-06, 1.1917098445595856e-06, 5.2e-07, 3.0674846625766876e-07, 1.6548463356973995e-07, 1.2704174228675136e-07, 4.1958041958041956e-08, 4.3010752688172045e-08, 1.2406947890818859e-08, 1.5903307888040713e-08, 1.223091976516634e-08, 1.881821603312006e-09, 0.0
0.0, 0.0, 0.0, 0.0, 0.0, 0.0, 0.0, 0.0, 0.0, 0.0, 0.0, 0.0, 0.0, 0.0, 0.0, 0.0, 0.0, 0.0, 0.0, 0.0, 0.0, 0.0, 0.0, 0.0, 0.0, 0.0, 0.0, 0.0, 0.0, 0.0, 0.0, 0.0, 0.0
46034.0, 30618.0, 21891.0, 28258.0, 17204.0, 15658.0, 11850.0, 8334.0, 5729.0, 4275.0, 3219.0, 2161.0, 1456.0, 1049.0, 743.0, 480.0, 309.0, 248.0, 141.0, 114.0, 81.0, 46.0, 26.0, 20.0, 14.0, 14.0, 6.0, 8.0, 3.0, 5.0, 5.0, 1.0, 0.0
0.0, 0.0, 0.0, 0.0, 0.0, 0.0, 0.0, 0.0, 0.0, 0.0, 0.0, 0.0, 0.0, 0.0, 0.0, 0.0, 0.0, 0.0, 0.0, 0.0, 0.0, 0.0, 0.0, 0.0, 0.0, 0.0, 0.0, 0.0, 0.0, 0.0, 0.0, 0.0, 0.0
2, 3, 4, 5, 7, 9, 12, 16, 21, 27, 35, 46, 60, 78, 102, 133, 173, 224, 292, 380, 494, 642, 835, 1085, 1411, 1834, 2385, 3100, 4030, 5239, 6811, 8855, 11512, 14965
