PA, 1, 1.3
5
5
200000.0
5.477225575051661, 6.928203230275509, 8.94427190999916, 11.832159566199232, 15.874507866387544, 20.784609690826528, 27.27636339397171, 35.21363372331802, 46.04345773288535, 60.03332407921454, 77.79460135510689, 101.6070863670443, 132.34802605252563, 172.0348801842231, 223.56207191739836, 290.963915288477, 378.713612113428, 492.7311640235474, 640.5154174569102, 832.7664738688752, 1083.1666538441812, 1407.8973684185933, 1830.2008086546132
0.28401, 0.149675, 0.0715425, 0.0327575, 0.0136575, 0.006280833333333334, 0.00289, 0.0013227777777777778, 0.0005838461538461538, 0.00026700000000000004, 0.000125, 5.7407407407407406e-05, 2.714285714285714e-05, 1.1666666666666665e-05, 5.593220338983051e-06, 2.792207792207792e-06, 1.25e-06, 3.8461538461538463e-07, 2.6785714285714284e-07, 9.09090909090909e-08, 8.771929824561403e-08, 5.4054054054054056e-08, 0.0
0.0, 0.0, 0.0, 0.0, 0.0, 0.0, 0.0, 0.0, 0.0, 0.0, 0.0, 0.0, 0.0, 0.0, 0.0, 0.0, 0.0, 0.0, 0.0, 0.0, 0.0, 0.0, 0.0
56802.0, 59870.0, 28617.0, 26206.0, 10926.0, 7537.0, 4046.0, 2381.0, 1518.0, 801.0, 525.0, 310.0, 190.0, 105.0, 66.0, 43.0, 25.0, 10.0, 9.0, 4.0, 5.0, 4.0, 0.0
0.0, 0.0, 0.0, 0.0, 0.0, 0.0, 0.0, 0.0, 0.0, 0.0, 0.0, 0.0, 0.0, 0.0, 0.0, 0.0, 0.0, 0.0, 0.0, 0.0, 0.0, 0.0, 0.0
5, 6, 8, 10, 14, 18, 24, 31, 40, 53, 68, 89, 116, 151, 196, 255, 332, 432, 562, 730, 950, 1235, 1605, 2087
