PA, 1, 1.3
1, 3, 5
50000.0, 100000.0, 200000.0
1.4142135623730951, 2.449489742783178, 3.4641016151377544, 4.898979485566356, 6.928203230275509, 8.94427190999916, 11.40175425099138, 14.866068747318506, 19.77371993328519, 26.267851073127396, 34.20526275297414, 44.598206241955516, 58.01723881744115, 75.33923280734945, 98.14275317108238, 127.87493890516625, 166.55329477377504, 216.6333307688362, 281.5794736837186, 365.8647291007976
0.6661, 0.16714, 0.06538, 0.02622, 0.01058, 0.00485, 0.0023933333333333333, 0.001045, 0.0005333333333333335, 0.00018857142857142854, 0.00010222222222222223, 4.833333333333334e-05, 1.4666666666666666e-05, 8e-06, 4.615384615384615e-06, 2.352941176470588e-06, 1.8181818181818183e-06, 0.0, 5.405405405405406e-07, 0.0
0.0, 0.0, 0.0, 0.0, 0.0, 0.0, 0.0, 0.0, 0.0, 0.0, 0.0, 0.0, 0.0, 0.0, 0.0, 0.0, 0.0, 0.0, 0.0, 0.0
33305.0, 8357.0, 3269.0, 2622.0, 1058.0, 485.0, 359.0, 209.0, 160.0, 66.0, 46.0, 29.0, 11.0, 8.0, 6.0, 4.0, 4.0, 0.0, 2.0, 0.0
0.0, 0.0, 0.0, 0.0, 0.0, 0.0, 0.0, 0.0, 0.0, 0.0, 0.0, 0.0, 0.0, 0.0, 0.0, 0.0, 0.0, 0.0, 0.0, 0.0
1, 2, 3, 4, 6, 8, 10, 13, 17, 23, 30, 39, 51, 66, 86, 112, 146, 190, 247, 321, 417
3.872983346207417, 5.477225575051661, 6.928203230275509, 9.38083151964686, 12.409673645990857, 15.874507866387544, 20.784609690826528, 27.27636339397171, 35.651086939951774, 46.61544808322666, 60.473134530963414, 78.80355321938218, 103.05338422390601, 134.36517405935214, 174.4906874305904, 227.02643017939565, 295.43696451189044, 384.1952628547104, 499.65988432132514, 649.8999923065087, 844.7384210511559
0.30008, 0.11395, 0.05986, 0.025226666666666665, 0.010976666666666666, 0.0055875, 0.002425, 0.0011442857142857142, 0.00056, 0.00023916666666666663, 0.0001075, 4.999999999999999e-05, 1.75e-05, 9.142857142857142e-06, 5.652173913043478e-06, 2.3333333333333336e-06, 1.0256410256410257e-06, 2.9702970297029703e-07, 3.787878787878788e-07, 2.3391812865497075e-07, 0.0
0.0, 0.0, 0.0, 0.0, 0.0, 0.0, 0.0, 0.0, 0.0, 0.0, 0.0, 0.0, 0.0, 0.0, 0.0, 0.0, 0.0, 0.0, 0.0, 0.0, 0.0
60016.0, 11395.0, 11972.0, 7568.0, 3293.0, 2235.0, 1455.0, 801.0, 560.0, 287.0, 172.0, 105.0, 49.0, 32.0, 26.0, 14.0, 8.0, 3.0, 5.0, 4.0, 0.0
0.0, 0.0, 0.0, 0.0, 0.0, 0.0, 0.0, 0.0, 0.0, 0.0, 0.0, 0.0, 0.0, 0.0, 0.0, 0.0, 0.0, 0.0, 0.0, 0.0, 0.0
3, 5, 6, 8, 11, 14, 18, 24, 31, 41, 53, 69, 90, 118, 153, 199, 259, 337, 438, 570, 741, 963
5.477225575051661, 6.928203230275509, 8.94427190999916, 11.832159566199232, 15.874507866387544, 20.784609690826528, 27.27636339397171, 35.21363372331802, 46.04345773288535, 60.03332407921454, 77.79460135510689, 101.6070863670443, 132.34802605252563, 172.0348801842231, 223.56207191739836, 290.963915288477, 378.713612113428, 492.7311640235474, 640.5154174569102, 832.7664738688752, 1083.1666538441812, 1407.8973684185933, 1830.2008086546132
0.28401, 0.149675, 0.0715425, 0.0327575, 0.0136575, 0.006280833333333334, 0.00289, 0.0013227777777777778, 0.0005838461538461538, 0.00026700000000000004, 0.000125, 5.7407407407407406e-05, 2.714285714285714e-05, 1.1666666666666665e-05, 5.593220338983051e-06, 2.792207792207792e-06, 1.25e-06, 3.8461538461538463e-07, 2.6785714285714284e-07, 9.09090909090909e-08, 8.771929824561403e-08, 5.4054054054054056e-08, 0.0
0.0, 0.0, 0.0, 0.0, 0.0, 0.0, 0.0, 0.0, 0.0, 0.0, 0.0, 0.0, 0.0, 0.0, 0.0, 0.0, 0.0, 0.0, 0.0, 0.0, 0.0, 0.0, 0.0
56802.0, 59870.0, 28617.0, 26206.0, 10926.0, 7537.0, 4046.0, 2381.0, 1518.0, 801.0, 525.0, 310.0, 190.0, 105.0, 66.0, 43.0, 25.0, 10.0, 9.0, 4.0, 5.0, 4.0, 0.0
0.0, 0.0, 0.0, 0.0, 0.0, 0.0, 0.0, 0.0, 0.0, 0.0, 0.0, 0.0, 0.0, 0.0, 0.0, 0.0, 0.0, 0.0, 0.0, 0.0, 0.0, 0.0, 0.0
5, 6, 8, 10, 14, 18, 24, 31, 40, 53, 68, 89, 116, 151, 196, 255, 332, 432, 562, 730, 950, 1235, 1605, 2087
