PA, 1, 1.3
3
3
200000.0
3.872983346207417, 5.477225575051661, 6.928203230275509, 9.38083151964686, 12.409673645990857, 15.874507866387544, 20.784609690826528, 27.27636339397171, 35.651086939951774, 46.61544808322666, 60.473134530963414, 78.80355321938218, 103.05338422390601, 134.36517405935214, 174.4906874305904, 227.02643017939565, 295.43696451189044, 384.1952628547104, 499.65988432132514, 649.8999923065087, 844.7384210511559, 1098.0327863957432, 1427.6750330519897, 1856.0301721685453
0.30031, 0.114135, 0.05952, 0.02526, 0.011211666666666667, 0.0054425, 0.0024716666666666667, 0.0011485714285714287, 0.0005165, 0.00023166666666666672, 0.0001034375, 5.023809523809524e-05, 2.1249999999999995e-05, 1.0571428571428569e-05, 4.347826086956521e-06, 2.4166666666666667e-06, 7.692307692307693e-07, 5.445544554455445e-07, 1.893939393939394e-07, 5.8479532163742687e-08, 9.009009009009008e-08, 3.4602076124567476e-08, 1.3297872340425531e-08, 0.0
0.0, 0.0, 0.0, 0.0, 0.0, 0.0, 0.0, 0.0, 0.0, 0.0, 0.0, 0.0, 0.0, 0.0, 0.0, 0.0, 0.0, 0.0, 0.0, 0.0, 0.0, 0.0, 0.0, 0.0
120124.0, 22827.0, 23808.0, 15156.0, 6727.0, 4354.0, 2966.0, 1608.0, 1033.0, 556.0, 331.0, 211.0, 119.0, 74.0, 40.0, 29.0, 12.0, 11.0, 5.0, 2.0, 4.0, 2.0, 1.0, 0.0
0.0, 0.0, 0.0, 0.0, 0.0, 0.0, 0.0, 0.0, 0.0, 0.0, 0.0, 0.0, 0.0, 0.0, 0.0, 0.0, 0.0, 0.0, 0.0, 0.0, 0.0, 0.0, 0.0, 0.0
3, 5, 6, 8, 11, 14, 18, 24, 31, 41, 53, 69, 90, 118, 153, 199, 259, 337, 438, 570, 741, 963, 1252, 1628, 2116
