RA_PA, 1, 1.3
3
1
200000.0
1.4142135623730951, 2.449489742783178, 3.4641016151377544, 4.898979485566356, 6.928203230275509, 8.94427190999916, 11.40175425099138, 14.866068747318506, 19.77371993328519, 26.267851073127396, 34.20526275297414, 44.598206241955516, 58.01723881744115, 75.33923280734945, 98.14275317108238, 127.87493890516625, 166.55329477377504, 216.6333307688362, 281.5794736837186, 365.8647291007976, 475.4092973428265, 618.1504671194547, 804.0429093027312, 1045.4970109952492, 1359.2645070036958, 1767.2719089036639, 2297.234206605848, 2986.250994139642, 3882.5165807759277, 5047.951267593617, 6562.498914285625, 8530.967940392227
0.37541, 0.18689, 0.109125, 0.059675, 0.0303725, 0.018125, 0.010846666666666666, 0.00603125, 0.0031158333333333333, 0.0016364285714285714, 0.000905, 0.00046625, 0.00022666666666666668, 0.00013900000000000002, 6.365384615384616e-05, 3.661764705882353e-05, 1.8863636363636362e-05, 9.473684210526317e-06, 5.540540540540541e-06, 2.34375e-06, 1.32e-06, 9.509202453987731e-07, 4.245283018867925e-07, 2.5454545454545453e-07, 9.776536312849162e-08, 2.1505376344086022e-08, 8.278145695364238e-09, 1.9083969465648856e-08, 1.4677103718199608e-08, 1.504890895410083e-08, 5.793742757821553e-09, 0.0
0.0, 0.0, 0.0, 0.0, 0.0, 0.0, 0.0, 0.0, 0.0, 0.0, 0.0, 0.0, 0.0, 0.0, 0.0, 0.0, 0.0, 0.0, 0.0, 0.0, 0.0, 0.0, 0.0, 0.0, 0.0, 0.0, 0.0, 0.0, 0.0, 0.0, 0.0, 0.0
75082.0, 37378.0, 21825.0, 23870.0, 12149.0, 7250.0, 6508.0, 4825.0, 3739.0, 2291.0, 1629.0, 1119.0, 680.0, 556.0, 331.0, 249.0, 166.0, 108.0, 82.0, 45.0, 33.0, 31.0, 18.0, 14.0, 7.0, 2.0, 1.0, 3.0, 3.0, 4.0, 2.0, 0.0
0.0, 0.0, 0.0, 0.0, 0.0, 0.0, 0.0, 0.0, 0.0, 0.0, 0.0, 0.0, 0.0, 0.0, 0.0, 0.0, 0.0, 0.0, 0.0, 0.0, 0.0, 0.0, 0.0, 0.0, 0.0, 0.0, 0.0, 0.0, 0.0, 0.0, 0.0, 0.0
1, 2, 3, 4, 6, 8, 10, 13, 17, 23, 30, 39, 51, 66, 86, 112, 146, 190, 247, 321, 417, 542, 705, 917, 1192, 1550, 2015, 2619, 3405, 4427, 5756, 7482, 9727
