PA, 1, 1.3
1, 3
1, 3
200000.0, 200000.0
1.4142135623730951, 2.449489742783178, 3.4641016151377544, 4.898979485566356, 6.928203230275509, 8.94427190999916, 11.40175425099138, 14.866068747318506, 19.77371993328519, 26.267851073127396, 34.20526275297414, 44.598206241955516, 58.01723881744115, 75.33923280734945, 98.14275317108238, 127.87493890516625, 166.55329477377504, 216.6333307688362, 281.5794736837186, 365.8647291007976, 475.4092973428265, 618.1504671194547
0.66649, 0.166415, 0.067145, 0.0263675, 0.009615, 0.00482, 0.0023566666666666666, 0.00112125, 0.0005141666666666667, 0.00021357142857142858, 9.61111111111111e-05, 4.6250000000000006e-05, 2.266666666666667e-05, 1.0250000000000002e-05, 3.846153846153846e-06, 1.6176470588235293e-06, 5.681818181818182e-07, 3.508771929824561e-07, 3.378378378378379e-07, 1.0416666666666667e-07, 8e-08, 0.0
0.0, 0.0, 0.0, 0.0, 0.0, 0.0, 0.0, 0.0, 0.0, 0.0, 0.0, 0.0, 0.0, 0.0, 0.0, 0.0, 0.0, 0.0, 0.0, 0.0, 0.0, 0.0
133298.0, 33283.0, 13429.0, 10547.0, 3846.0, 1928.0, 1414.0, 897.0, 617.0, 299.0, 173.0, 111.0, 68.0, 41.0, 20.0, 11.0, 5.0, 4.0, 5.0, 2.0, 2.0, 0.0
0.0, 0.0, 0.0, 0.0, 0.0, 0.0, 0.0, 0.0, 0.0, 0.0, 0.0, 0.0, 0.0, 0.0, 0.0, 0.0, 0.0, 0.0, 0.0, 0.0, 0.0, 0.0
1, 2, 3, 4, 6, 8, 10, 13, 17, 23, 30, 39, 51, 66, 86, 112, 146, 190, 247, 321, 417, 542, 705
3.872983346207417, 5.477225575051661, 6.928203230275509, 9.38083151964686, 12.409673645990857, 15.874507866387544, 20.784609690826528, 27.27636339397171, 35.651086939951774, 46.61544808322666, 60.473134530963414, 78.80355321938218, 103.05338422390601, 134.36517405935214, 174.4906874305904, 227.02643017939565, 295.43696451189044, 384.1952628547104, 499.65988432132514, 649.8999923065087, 844.7384210511559, 1098.0327863957432
0.29969, 0.114155, 0.0599375, 0.025375, 0.011298333333333332, 0.0055075, 0.0024075000000000004, 0.0010842857142857143, 0.0005585, 0.00023416666666666665, 0.0001, 4.857142857142857e-05, 2.2678571428571428e-05, 8.285714285714285e-06, 4.239130434782608e-06, 2.25e-06, 1.1538461538461538e-06, 7.425742574257426e-07, 1.893939393939394e-07, 1.7543859649122805e-07, 6.756756756756757e-08, 0.0
0.0, 0.0, 0.0, 0.0, 0.0, 0.0, 0.0, 0.0, 0.0, 0.0, 0.0, 0.0, 0.0, 0.0, 0.0, 0.0, 0.0, 0.0, 0.0, 0.0, 0.0, 0.0
119876.0, 22831.0, 23975.0, 15225.0, 6779.0, 4406.0, 2889.0, 1518.0, 1117.0, 562.0, 320.0, 204.0, 127.0, 58.0, 39.0, 27.0, 18.0, 15.0, 5.0, 6.0, 3.0, 0.0
0.0, 0.0, 0.0, 0.0, 0.0, 0.0, 0.0, 0.0, 0.0, 0.0, 0.0, 0.0, 0.0, 0.0, 0.0, 0.0, 0.0, 0.0, 0.0, 0.0, 0.0, 0.0
3, 5, 6, 8, 11, 14, 18, 24, 31, 41, 53, 69, 90, 118, 153, 199, 259, 337, 438, 570, 741, 963, 1252
