RA, 1, 1.3
1, 3
1, 3
200000.0, 200000.0
1.4142135623730951, 2.449489742783178, 3.4641016151377544, 4.898979485566356, 6.928203230275509, 8.94427190999916, 11.40175425099138, 14.866068747318506, 19.77371993328519
0.49976, 0.249815, 0.12575, 0.0468075, 0.011565, 0.002975, 0.00059, 5.25e-05, 0.0
0.0, 0.0, 0.0, 0.0, 0.0, 0.0, 0.0, 0.0, 0.0
99952.0, 49963.0, 25150.0, 18723.0, 4626.0, 1190.0, 354.0, 42.0, 0.0
0.0, 0.0, 0.0, 0.0, 0.0, 0.0, 0.0, 0.0, 0.0
1, 2, 3, 4, 6, 8, 10, 13, 17, 23
3.872983346207417, 5.477225575051661, 6.928203230275509, 9.38083151964686, 12.409673645990857, 15.874507866387544, 20.784609690826528, 27.27636339397171, 35.651086939951774, 46.61544808322666, 60.473134530963414
0.21918, 0.140385, 0.092075, 0.045575, 0.019286666666666667, 0.00719875, 0.0019058333333333334, 0.00028785714285714287, 2.65e-05, 8.333333333333333e-07, 0.0
0.0, 0.0, 0.0, 0.0, 0.0, 0.0, 0.0, 0.0, 0.0, 0.0, 0.0
87672.0, 28077.0, 36830.0, 27345.0, 11572.0, 5759.0, 2287.0, 403.0, 53.0, 2.0, 0.0
0.0, 0.0, 0.0, 0.0, 0.0, 0.0, 0.0, 0.0, 0.0, 0.0, 0.0
3, 5, 6, 8, 11, 14, 18, 24, 31, 41, 53, 69
