RA_PA, 1, 1.3
9
3
200000.0
3.872983346207417, 5.477225575051661, 6.928203230275509, 9.38083151964686, 12.409673645990857, 15.874507866387544, 20.784609690826528, 27.27636339397171, 35.651086939951774, 46.61544808322666, 60.473134530963414, 78.80355321938218, 103.05338422390601, 134.36517405935214, 174.4906874305904, 227.02643017939565, 295.43696451189044, 384.1952628547104, 499.65988432132514, 649.8999923065087, 844.7384210511559, 1098.0327863957432, 1427.6750330519897, 1856.0301721685453, 2412.6989037175777, 3136.9295497348994, 4078.3636424428855, 5302.254237586123, 6893.149788014185, 8960.770223591273, 11649.566987660957
0.1450325, 0.09786, 0.069105, 0.04298, 0.026433333333333336, 0.01672375, 0.009710000000000002, 0.005684285714285715, 0.0030910000000000004, 0.001695416666666667, 0.000954375, 0.0004957142857142857, 0.00027178571428571426, 0.00015085714285714287, 7.16304347826087e-05, 3.816666666666666e-05, 2.1538461538461532e-05, 1.123762376237624e-05, 6.060606060606061e-06, 2.9532163742690052e-06, 1.463963963963964e-06, 9.688581314878893e-07, 5.186170212765957e-07, 1.3319672131147542e-07, 1.0236220472440944e-07, 8.47457627118644e-08, 4.193849021435228e-08, 0.0, 3.585217870932157e-08, 1.696352841391009e-08, 0.0
0.0, 0.0, 0.0, 0.0, 0.0, 0.0, 0.0, 0.0, 0.0, 0.0, 0.0, 0.0, 0.0, 0.0, 0.0, 0.0, 0.0, 0.0, 0.0, 0.0, 0.0, 0.0, 0.0, 0.0, 0.0, 0.0, 0.0, 0.0, 0.0, 0.0, 0.0
58013.0, 19572.0, 27642.0, 25788.0, 15860.0, 13379.0, 11652.0, 7958.0, 6182.0, 4069.0, 3054.0, 2082.0, 1522.0, 1056.0, 659.0, 458.0, 336.0, 227.0, 160.0, 101.0, 65.0, 56.0, 39.0, 13.0, 13.0, 14.0, 9.0, 0.0, 13.0, 8.0, 0.0
0.0, 0.0, 0.0, 0.0, 0.0, 0.0, 0.0, 0.0, 0.0, 0.0, 0.0, 0.0, 0.0, 0.0, 0.0, 0.0, 0.0, 0.0, 0.0, 0.0, 0.0, 0.0, 0.0, 0.0, 0.0, 0.0, 0.0, 0.0, 0.0, 0.0, 0.0
3, 5, 6, 8, 11, 14, 18, 24, 31, 41, 53, 69, 90, 118, 153, 199, 259, 337, 438, 570, 741, 963, 1252, 1628, 2116, 2751, 3577, 4650, 6046, 7859, 10217, 13283
