PA, 1, 1.3
1, 3
1, 3
200000.0, 400000.0
1.4142135623730951, 2.449489742783178, 3.4641016151377544, 4.898979485566356, 6.928203230275509, 8.94427190999916, 11.40175425099138, 14.866068747318506, 19.77371993328519, 26.267851073127396, 34.20526275297414, 44.598206241955516, 58.01723881744115, 75.33923280734945, 98.14275317108238, 127.87493890516625, 166.55329477377504, 216.6333307688362, 281.5794736837186, 365.8647291007976, 475.4092973428265, 618.1504671194547, 804.0429093027312
0.668195, 0.165355, 0.066115, 0.0264875, 0.0098225, 0.0046975, 0.002373333333333333, 0.00111, 0.000505, 0.00020785714285714285, 0.0001011111111111111, 4.625e-05, 2.466666666666667e-05, 7.250000000000001e-06, 4.423076923076923e-06, 2.4999999999999998e-06, 9.090909090909091e-07, 4.3859649122807013e-07, 2.027027027027027e-07, 1.0416666666666667e-07, 0.0, 3.067484662576687e-08, 0.0
0.0, 0.0, 0.0, 0.0, 0.0, 0.0, 0.0, 0.0, 0.0, 0.0, 0.0, 0.0, 0.0, 0.0, 0.0, 0.0, 0.0, 0.0, 0.0, 0.0, 0.0, 0.0, 0.0
133639.0, 33071.0, 13223.0, 10595.0, 3929.0, 1879.0, 1424.0, 888.0, 606.0, 291.0, 182.0, 111.0, 74.0, 29.0, 23.0, 17.0, 8.0, 5.0, 3.0, 2.0, 0.0, 1.0, 0.0
0.0, 0.0, 0.0, 0.0, 0.0, 0.0, 0.0, 0.0, 0.0, 0.0, 0.0, 0.0, 0.0, 0.0, 0.0, 0.0, 0.0, 0.0, 0.0, 0.0, 0.0, 0.0, 0.0
1, 2, 3, 4, 6, 8, 10, 13, 17, 23, 30, 39, 51, 66, 86, 112, 146, 190, 247, 321, 417, 542, 705, 917
3.872983346207417, 5.477225575051661, 6.928203230275509, 9.38083151964686, 12.409673645990857, 15.874507866387544, 20.784609690826528, 27.27636339397171, 35.651086939951774, 46.61544808322666, 60.473134530963414, 78.80355321938218, 103.05338422390601, 134.36517405935214, 174.4906874305904, 227.02643017939565, 295.43696451189044, 384.1952628547104, 499.65988432132514, 649.8999923065087, 844.7384210511559, 1098.0327863957432, 1427.6750330519897, 1856.0301721685453
0.2998275, 0.114145, 0.05941375, 0.0254925, 0.011310833333333332, 0.005499375, 0.00252875, 0.0011039285714285715, 0.00051125, 0.00022875, 0.00010375, 5.0595238095238084e-05, 2.2589285714285716e-05, 9e-06, 4.402173913043479e-06, 1.9583333333333334e-06, 1.3141025641025639e-06, 3.4653465346534657e-07, 2.2727272727272729e-07, 1.7543859649122805e-07, 3.3783783783783786e-08, 3.4602076124567476e-08, 6.6489361702127654e-09, 0.0
0.0, 0.0, 0.0, 0.0, 0.0, 0.0, 0.0, 0.0, 0.0, 0.0, 0.0, 0.0, 0.0, 0.0, 0.0, 0.0, 0.0, 0.0, 0.0, 0.0, 0.0, 0.0, 0.0, 0.0
239862.0, 45658.0, 47531.0, 30591.0, 13573.0, 8799.0, 6069.0, 3091.0, 2045.0, 1098.0, 664.0, 425.0, 253.0, 126.0, 81.0, 47.0, 41.0, 14.0, 12.0, 12.0, 3.0, 4.0, 1.0, 0.0
0.0, 0.0, 0.0, 0.0, 0.0, 0.0, 0.0, 0.0, 0.0, 0.0, 0.0, 0.0, 0.0, 0.0, 0.0, 0.0, 0.0, 0.0, 0.0, 0.0, 0.0, 0.0, 0.0, 0.0
3, 5, 6, 8, 11, 14, 18, 24, 31, 41, 53, 69, 90, 118, 153, 199, 259, 337, 438, 570, 741, 963, 1252, 1628, 2116
