PA, 1, 1.3
1, 3, 5
1, 3, 5
200000.0, 200000.0, 200000.0
1.4142135623730951, 2.449489742783178, 3.4641016151377544, 4.898979485566356, 6.928203230275509, 8.94427190999916, 11.40175425099138, 14.866068747318506, 19.77371993328519, 26.267851073127396, 34.20526275297414, 44.598206241955516, 58.01723881744115, 75.33923280734945, 98.14275317108238, 127.87493890516625, 166.55329477377504, 216.6333307688362, 281.5794736837186, 365.8647291007976, 475.4092973428265, 618.1504671194547
0.66649, 0.166415, 0.067145, 0.0263675, 0.009615, 0.00482, 0.0023566666666666666, 0.00112125, 0.0005141666666666667, 0.00021357142857142858, 9.61111111111111e-05, 4.6250000000000006e-05, 2.266666666666667e-05, 1.0250000000000002e-05, 3.846153846153846e-06, 1.6176470588235293e-06, 5.681818181818182e-07, 3.508771929824561e-07, 3.378378378378379e-07, 1.0416666666666667e-07, 8e-08, 0.0
0.0, 0.0, 0.0, 0.0, 0.0, 0.0, 0.0, 0.0, 0.0, 0.0, 0.0, 0.0, 0.0, 0.0, 0.0, 0.0, 0.0, 0.0, 0.0, 0.0, 0.0, 0.0
133298.0, 33283.0, 13429.0, 10547.0, 3846.0, 1928.0, 1414.0, 897.0, 617.0, 299.0, 173.0, 111.0, 68.0, 41.0, 20.0, 11.0, 5.0, 4.0, 5.0, 2.0, 2.0, 0.0
0.0, 0.0, 0.0, 0.0, 0.0, 0.0, 0.0, 0.0, 0.0, 0.0, 0.0, 0.0, 0.0, 0.0, 0.0, 0.0, 0.0, 0.0, 0.0, 0.0, 0.0, 0.0
1, 2, 3, 4, 6, 8, 10, 13, 17, 23, 30, 39, 51, 66, 86, 112, 146, 190, 247, 321, 417, 542, 705
3.872983346207417, 5.477225575051661, 6.928203230275509, 9.38083151964686, 12.409673645990857, 15.874507866387544, 20.784609690826528, 27.27636339397171, 35.651086939951774, 46.61544808322666, 60.473134530963414, 78.80355321938218, 103.05338422390601, 134.36517405935214, 174.4906874305904, 227.02643017939565, 295.43696451189044, 384.1952628547104, 499.65988432132514, 649.8999923065087, 844.7384210511559, 1098.0327863957432, 1427.6750330519897, 1856.0301721685453
0.30031, 0.114135, 0.05952, 0.02526, 0.011211666666666667, 0.0054425, 0.0024716666666666667, 0.0011485714285714287, 0.0005165, 0.00023166666666666672, 0.0001034375, 5.023809523809524e-05, 2.1249999999999995e-05, 1.0571428571428569e-05, 4.347826086956521e-06, 2.4166666666666667e-06, 7.692307692307693e-07, 5.445544554455445e-07, 1.893939393939394e-07, 5.8479532163742687e-08, 9.009009009009008e-08, 3.4602076124567476e-08, 1.3297872340425531e-08, 0.0
0.0, 0.0, 0.0, 0.0, 0.0, 0.0, 0.0, 0.0, 0.0, 0.0, 0.0, 0.0, 0.0, 0.0, 0.0, 0.0, 0.0, 0.0, 0.0, 0.0, 0.0, 0.0, 0.0, 0.0
120124.0, 22827.0, 23808.0, 15156.0, 6727.0, 4354.0, 2966.0, 1608.0, 1033.0, 556.0, 331.0, 211.0, 119.0, 74.0, 40.0, 29.0, 12.0, 11.0, 5.0, 2.0, 4.0, 2.0, 1.0, 0.0
0.0, 0.0, 0.0, 0.0, 0.0, 0.0, 0.0, 0.0, 0.0, 0.0, 0.0, 0.0, 0.0, 0.0, 0.0, 0.0, 0.0, 0.0, 0.0, 0.0, 0.0, 0.0, 0.0, 0.0
3, 5, 6, 8, 11, 14, 18, 24, 31, 41, 53, 69, 90, 118, 153, 199, 259, 337, 438, 570, 741, 963, 1252, 1628, 2116
5.477225575051661, 6.928203230275509, 8.94427190999916, 11.832159566199232, 15.874507866387544, 20.784609690826528, 27.27636339397171, 35.21363372331802, 46.04345773288535, 60.03332407921454, 77.79460135510689, 101.6070863670443, 132.34802605252563, 172.0348801842231, 223.56207191739836, 290.963915288477, 378.713612113428, 492.7311640235474, 640.5154174569102, 832.7664738688752, 1083.1666538441812, 1407.8973684185933, 1830.2008086546132
0.28401, 0.149675, 0.0715425, 0.0327575, 0.0136575, 0.006280833333333334, 0.00289, 0.0013227777777777778, 0.0005838461538461538, 0.00026700000000000004, 0.000125, 5.7407407407407406e-05, 2.714285714285714e-05, 1.1666666666666665e-05, 5.593220338983051e-06, 2.792207792207792e-06, 1.25e-06, 3.8461538461538463e-07, 2.6785714285714284e-07, 9.09090909090909e-08, 8.771929824561403e-08, 5.4054054054054056e-08, 0.0
0.0, 0.0, 0.0, 0.0, 0.0, 0.0, 0.0, 0.0, 0.0, 0.0, 0.0, 0.0, 0.0, 0.0, 0.0, 0.0, 0.0, 0.0, 0.0, 0.0, 0.0, 0.0, 0.0
56802.0, 59870.0, 28617.0, 26206.0, 10926.0, 7537.0, 4046.0, 2381.0, 1518.0, 801.0, 525.0, 310.0, 190.0, 105.0, 66.0, 43.0, 25.0, 10.0, 9.0, 4.0, 5.0, 4.0, 0.0
0.0, 0.0, 0.0, 0.0, 0.0, 0.0, 0.0, 0.0, 0.0, 0.0, 0.0, 0.0, 0.0, 0.0, 0.0, 0.0, 0.0, 0.0, 0.0, 0.0, 0.0, 0.0, 0.0
5, 6, 8, 10, 14, 18, 24, 31, 40, 53, 68, 89, 116, 151, 196, 255, 332, 432, 562, 730, 950, 1235, 1605, 2087
