RA, 1, 1.3
1, 3, 5
1, 3, 5
50000.0, 100000.0, 200000.0
1.4142135623730951, 2.449489742783178, 3.4641016151377544, 4.898979485566356, 6.928203230275509, 8.94427190999916, 11.40175425099138, 14.866068747318506, 19.77371993328519
0.49986, 0.25012, 0.12516, 0.04651, 0.01197, 0.00315, 0.00047333333333333336, 4.5e-05, 0.0
0.0, 0.0, 0.0, 0.0, 0.0, 0.0, 0.0, 0.0, 0.0
24993.0, 12506.0, 6258.0, 4651.0, 1197.0, 315.0, 71.0, 9.0, 0.0
0.0, 0.0, 0.0, 0.0, 0.0, 0.0, 0.0, 0.0, 0.0
1, 2, 3, 4, 6, 8, 10, 13, 17, 23
3.872983346207417, 5.477225575051661, 6.928203230275509, 9.38083151964686, 12.409673645990857, 15.874507866387544, 20.784609690826528, 27.27636339397171, 35.651086939951774, 46.61544808322666, 60.473134530963414
0.21938, 0.1395, 0.09223, 0.04579, 0.01927, 0.00711, 0.0018683333333333334, 0.00031, 2.7e-05, 8.333333333333333e-07, 0.0
0.0, 0.0, 0.0, 0.0, 0.0, 0.0, 0.0, 0.0, 0.0, 0.0, 0.0
43876.0, 13950.0, 18446.0, 13737.0, 5781.0, 2844.0, 1121.0, 217.0, 27.0, 1.0, 0.0
0.0, 0.0, 0.0, 0.0, 0.0, 0.0, 0.0, 0.0, 0.0, 0.0, 0.0
3, 5, 6, 8, 11, 14, 18, 24, 31, 41, 53, 69
5.477225575051661, 6.928203230275509, 8.94427190999916, 11.832159566199232, 15.874507866387544, 20.784609690826528, 27.27636339397171, 35.21363372331802, 46.04345773288535, 60.03332407921454, 77.79460135510689, 101.6070863670443
0.1666, 0.1272875, 0.0884975, 0.05197125, 0.0252, 0.010275833333333335, 0.003272857142857143, 0.0007605555555555558, 0.000125, 7e-06, 2.380952380952381e-07, 0.0
0.0, 0.0, 0.0, 0.0, 0.0, 0.0, 0.0, 0.0, 0.0, 0.0, 0.0, 0.0
33320.0, 50915.0, 35399.0, 41577.0, 20160.0, 12331.0, 4582.0, 1369.0, 325.0, 21.0, 1.0, 0.0
0.0, 0.0, 0.0, 0.0, 0.0, 0.0, 0.0, 0.0, 0.0, 0.0, 0.0, 0.0
5, 6, 8, 10, 14, 18, 24, 31, 40, 53, 68, 89, 116
