RA_PA, 15, 3, 1, 1.3
1000.0, 2000.0, 5000.0, 10000.0, 20000.0, 50000.0, 100000.0
195.6, 311.2, 568.9333333333333, 887.1333333333333, 1395.2, 2574.6, 4102.533333333334
12.125638585703891, 19.32160563836361, 38.69826295269021, 58.887651978624135, 94.06926526058693, 163.02629644733187, 251.5044598676797
1.4142135623730951, 2.449489742783178, 3.4641016151377544, 4.898979485566356, 6.928203230275509, 8.94427190999916, 11.40175425099138, 14.866068747318506, 19.77371993328519, 26.267851073127396, 34.20526275297414, 44.598206241955516, 58.01723881744115, 75.33923280734945, 98.14275317108238, 127.87493890516625, 166.55329477377504, 216.6333307688362, 281.5794736837186
0.3751333333333333, 0.18893333333333334, 0.10773333333333333, 0.05776666666666667, 0.028533333333333338, 0.018899999999999997, 0.010777777777777777, 0.005566666666666666, 0.003277777777777778, 0.0017619047619047618, 0.0008888888888888889, 0.0005277777777777777, 0.00022222222222222223, 0.00017666666666666666, 0.0001358974358974359, 8.431372549019607e-05, 6.212121212121211e-05, 1.5204678362573097e-05, 0.0
0.005862498519308037, 0.007310570733153768, 0.007844318538492259, 0.0023886304769795506, 0.001649915822768611, 0.0016802777548171409, 0.0012769562576496573, 0.000699205898780101, 0.0005034449226315197, 0.00031515032586236757, 0.00021507009097715516, 0.0001613025682328664, 8.036951697788943e-05, 5.6568542494923805e-05, 4.3287033374702904e-05, 3.540288252013292e-05, 1.8055114072443917e-05, 6.718786721097109e-06, 0.0
375.1333333333333, 188.93333333333334, 107.73333333333333, 115.53333333333333, 57.06666666666667, 37.8, 32.333333333333336, 22.266666666666666, 19.666666666666668, 12.333333333333334, 8.0, 6.333333333333333, 3.3333333333333335, 3.533333333333333, 3.533333333333333, 2.8666666666666667, 2.7333333333333334, 0.8666666666666667, 0.0
5.8624985193080335, 7.310570733153769, 7.84431853849226, 4.777260953959101, 3.299831645537222, 3.3605555096342825, 3.8308687729489717, 2.7968235951204035, 3.0206695357891173, 2.206052281036573, 1.935630818794397, 1.9356308187943967, 1.2055427546683417, 1.131370849898476, 1.1254628677422756, 1.2036980056845192, 0.7944250191875323, 0.38297084310253526, 0.0
1, 2, 3, 4, 6, 8, 10, 13, 17, 23, 30, 39, 51, 66, 86, 112, 146, 190, 247, 321
1.4142135623730951, 2.449489742783178, 3.4641016151377544, 4.898979485566356, 6.928203230275509, 8.94427190999916, 11.40175425099138, 14.866068747318506, 19.77371993328519, 26.267851073127396, 34.20526275297414, 44.598206241955516, 58.01723881744115, 75.33923280734945, 98.14275317108238, 127.87493890516625, 166.55329477377504, 216.6333307688362, 281.5794736837186, 365.8647291007976, 475.4092973428265
0.37146666666666667, 0.19183333333333336, 0.10973333333333332, 0.05795000000000001, 0.029683333333333336, 0.01915, 0.009922222222222221, 0.005941666666666665, 0.0033777777777777777, 0.0015714285714285713, 0.0008703703703703704, 0.0005138888888888888, 0.0002511111111111111, 0.00014000000000000001, 6.153846153846154e-05, 5.1960784313725495e-05, 3.939393939393939e-05, 2.8654970760233914e-05, 1.576576576576577e-05, 1.3888888888888892e-06, 0.0
0.003428475527759308, 0.0048879670848137125, 0.004935134806219132, 0.0016832508230603456, 0.0019503560928427635, 0.0016002603954773525, 0.0011086082922651323, 0.0006295942255841368, 0.0002897423291201177, 0.00023367322183591045, 9.820054506342852e-05, 9.749960430435692e-05, 6.065486250647191e-05, 4.456580652373646e-05, 1.5858098560067923e-05, 1.6139291797210126e-05, 1.2402049654352196e-05, 7.5118319173480275e-06, 4.436422433241489e-06, 1.7361111111111112e-06, 0.0
742.9333333333333, 383.6666666666667, 219.46666666666667, 231.8, 118.73333333333333, 76.6, 59.53333333333333, 47.53333333333333, 40.53333333333333, 22.0, 15.666666666666666, 12.333333333333334, 7.533333333333333, 5.6, 3.2, 3.533333333333333, 3.466666666666667, 3.2666666666666666, 2.3333333333333335, 0.26666666666666666, 0.0
6.85695105551861, 9.775934169627416, 9.870269612438268, 6.733003292241386, 7.801424371371053, 6.401041581909411, 6.6516497535907915, 5.036753804673094, 3.476907949441413, 3.271425105702746, 1.767609811141714, 2.339990503304566, 1.8196458751941575, 1.7826322609494585, 0.824621125123532, 1.0974718422102887, 1.0913803695829933, 0.8563488385776753, 0.6565905201197403, 0.3333333333333333, 0.0
1, 2, 3, 4, 6, 8, 10, 13, 17, 23, 30, 39, 51, 66, 86, 112, 146, 190, 247, 321, 417, 542
1.4142135623730951, 2.449489742783178, 3.4641016151377544, 4.898979485566356, 6.928203230275509, 8.94427190999916, 11.40175425099138, 14.866068747318506, 19.77371993328519, 26.267851073127396, 34.20526275297414, 44.598206241955516, 58.01723881744115, 75.33923280734945, 98.14275317108238, 127.87493890516625, 166.55329477377504, 216.6333307688362, 281.5794736837186, 365.8647291007976, 475.4092973428265, 618.1504671194547, 804.0429093027312
0.37253333333333327, 0.18724000000000002, 0.10761333333333332, 0.060873333333333335, 0.030733333333333335, 0.018520000000000002, 0.010746666666666665, 0.0058000000000000005, 0.003097777777777778, 0.0016495238095238095, 0.0009051851851851853, 0.00046777777777777773, 0.00023288888888888884, 0.00014933333333333335, 6.666666666666667e-05, 3.803921568627451e-05, 1.6363636363636363e-05, 1.1929824561403508e-05, 1.0990990990990992e-05, 5.9722222222222205e-06, 4.586666666666666e-06, 9.815950920245399e-07, 0.0
0.0035110492258962505, 0.003764512658440074, 0.001963398414314663, 0.0016697837518007475, 0.0013148383931114878, 0.0007014587973961437, 0.00042932045069238913, 0.0005157841925973821, 0.0001531560972454469, 0.00014211872651520577, 4.8392542136477265e-05, 4.009248567259715e-05, 2.7151154398757805e-05, 2.3016902002176094e-05, 1.2871692715908854e-05, 1.2555145563593818e-05, 6.022608155864178e-06, 3.04093567251462e-06, 3.2432432432432437e-06, 2.534484387624258e-06, 1.5928730157939283e-06, 7.31637784049011e-07, 0.0
1862.6666666666667, 936.2, 538.0666666666667, 608.7333333333333, 307.3333333333333, 185.2, 161.2, 116.0, 92.93333333333334, 57.733333333333334, 40.733333333333334, 28.066666666666666, 17.466666666666665, 14.933333333333334, 8.666666666666666, 6.466666666666667, 3.6, 3.4, 4.066666666666666, 2.8666666666666667, 2.8666666666666667, 0.8, 0.0
17.555246129481258, 18.82256329220037, 9.816992071573315, 16.697837518007468, 13.148383931114882, 7.014587973961439, 6.439806760385836, 10.315683851947641, 4.594682917363408, 4.974155428032203, 2.177664396141476, 2.405549140355829, 2.0363365799068354, 2.301690200217609, 1.673320053068151, 2.1343747458109497, 1.3249737942901194, 0.8666666666666668, 1.2, 1.2165525060596438, 0.9955456348712052, 0.596284793999944, 0.0
1, 2, 3, 4, 6, 8, 10, 13, 17, 23, 30, 39, 51, 66, 86, 112, 146, 190, 247, 321, 417, 542, 705, 917
1.4142135623730951, 2.449489742783178, 3.4641016151377544, 4.898979485566356, 6.928203230275509, 8.94427190999916, 11.40175425099138, 14.866068747318506, 19.77371993328519, 26.267851073127396, 34.20526275297414, 44.598206241955516, 58.01723881744115, 75.33923280734945, 98.14275317108238, 127.87493890516625, 166.55329477377504, 216.6333307688362, 281.5794736837186, 365.8647291007976, 475.4092973428265, 618.1504671194547, 804.0429093027312, 1045.4970109952492, 1359.2645070036958
0.3750466666666667, 0.18695333333333333, 0.10818666666666665, 0.059430000000000004, 0.030533333333333332, 0.018186666666666667, 0.010915555555555557, 0.006213333333333334, 0.0031277777777777775, 0.001596190476190476, 0.0008637037037037038, 0.00047222222222222224, 0.0002448888888888889, 0.00013366666666666667, 6.871794871794871e-05, 3.941176470588235e-05, 1.893939393939394e-05, 9.707602339181286e-06, 4.684684684684684e-06, 3.75e-06, 2.9333333333333333e-06, 2.208588957055215e-06, 9.748427672955975e-07, 1.2121212121212122e-07, 0.0
0.0030760364107077862, 0.0035300047214321616, 0.0024167931001409467, 0.000978275126036752, 0.0010636519898705383, 0.0005222281323542637, 0.0004346191748651846, 0.0001881931631772703, 0.00017182031958479834, 9.551863443229034e-05, 6.606311153038017e-05, 3.986086914367134e-05, 1.7965673716806886e-05, 1.6782927833565474e-05, 1.1581117733985863e-05, 1.0258106948649668e-05, 3.6865227456352836e-06, 2.8529382263509865e-06, 1.1780807955515337e-06, 9.496384952206489e-07, 7.115554167534044e-07, 6.024916099245905e-07, 3.0488552562366855e-07, 1.2827885144555592e-07, 0.0
3750.4666666666667, 1869.5333333333333, 1081.8666666666666, 1188.6, 610.6666666666666, 363.73333333333335, 327.46666666666664, 248.53333333333333, 187.66666666666666, 111.73333333333333, 77.73333333333333, 56.666666666666664, 36.733333333333334, 26.733333333333334, 17.866666666666667, 13.4, 8.333333333333334, 5.533333333333333, 3.466666666666667, 3.6, 3.6666666666666665, 3.6, 2.066666666666667, 0.3333333333333333, 0.0
30.760364107077798, 35.30004721432159, 24.167931001409464, 19.56550252073503, 21.273039797410764, 10.444562647085272, 13.038575245955535, 7.52772652709081, 10.309219175087897, 6.686304410260324, 5.9456800377342125, 4.7833042972405595, 2.694851057521032, 3.3565855667130946, 3.011090610836324, 3.4877563625408876, 1.6220700080795252, 1.6261747890200624, 0.8717797887081348, 0.9116529554118229, 0.8894442709417556, 0.9820613241770825, 0.6463573143221772, 0.35276684147527876, 0.0
1, 2, 3, 4, 6, 8, 10, 13, 17, 23, 30, 39, 51, 66, 86, 112, 146, 190, 247, 321, 417, 542, 705, 917, 1192, 1550
1.4142135623730951, 2.449489742783178, 3.4641016151377544, 4.898979485566356, 6.928203230275509, 8.94427190999916, 11.40175425099138, 14.866068747318506, 19.77371993328519, 26.267851073127396, 34.20526275297414, 44.598206241955516, 58.01723881744115, 75.33923280734945, 98.14275317108238, 127.87493890516625, 166.55329477377504, 216.6333307688362, 281.5794736837186, 365.8647291007976, 475.4092973428265, 618.1504671194547, 804.0429093027312, 1045.4970109952492, 1359.2645070036958, 1767.2719089036639, 2297.234206605848
0.37468, 0.18737333333333334, 0.10903999999999998, 0.059171666666666664, 0.03065, 0.017981666666666667, 0.010914444444444445, 0.006105833333333333, 0.003163888888888889, 0.0016938095238095239, 0.0008437037037037037, 0.00046083333333333333, 0.00024377777777777785, 0.00013266666666666667, 6.705128205128206e-05, 3.754901960784313e-05, 1.81060606060606e-05, 1.0818713450292397e-05, 5.135135135135136e-06, 2.7430555555555556e-06, 1.3333333333333332e-06, 1.226993865030675e-06, 7.70440251572327e-07, 5.818181818181818e-07, 2.4208566108007453e-07, 1.4336917562724014e-08, 0.0
0.0013137393619402265, 0.0017397477467214087, 0.0010952675979463242, 0.000670530469934895, 0.0006345667813555957, 0.0003799305492089604, 0.00035778812959489346, 0.00020326501584548841, 9.933420332703787e-05, 6.621958934941717e-05, 4.7682937739199e-05, 2.0707024513375444e-05, 1.6559656464498953e-05, 9.725396307263435e-06, 7.954919003840293e-06, 4.995191844257645e-06, 2.1627427914576053e-06, 2.4203745130496924e-06, 1.056399945906178e-06, 8.462540004829125e-07, 3.836665218650175e-07, 3.434121804447171e-07, 2.4103317164710516e-07, 1.5332255322028505e-07, 9.075227509133114e-08, 2.5846245702250814e-08, 0.0
7493.6, 3747.4666666666667, 2180.8, 2366.866666666667, 1226.0, 719.2666666666667, 654.8666666666667, 488.46666666666664, 379.6666666666667, 237.13333333333333, 151.86666666666667, 110.6, 73.13333333333334, 53.06666666666667, 34.86666666666667, 25.533333333333335, 15.933333333333334, 12.333333333333334, 7.6, 5.266666666666667, 3.3333333333333335, 4.0, 3.2666666666666666, 3.2, 1.7333333333333334, 0.13333333333333333, 0.0
26.27478723880451, 34.79495493442819, 21.905351958926488, 26.821218797395797, 25.382671254223816, 15.197221968358413, 21.467287775693613, 16.261201267639073, 11.920104399244535, 9.270742508918403, 8.582928793055823, 4.9696858832101025, 4.9678969393496875, 3.8901585229053754, 4.136557881996953, 3.396730454095199, 1.9032136564826934, 2.75922694487665, 1.5634719199411433, 1.6248076809271919, 0.959166304662544, 1.1195237082497775, 1.021980647783726, 0.8432740427115679, 0.6497862896539309, 0.24037008503093263, 0.0
1, 2, 3, 4, 6, 8, 10, 13, 17, 23, 30, 39, 51, 66, 86, 112, 146, 190, 247, 321, 417, 542, 705, 917, 1192, 1550, 2015, 2619
1.4142135623730951, 2.449489742783178, 3.4641016151377544, 4.898979485566356, 6.928203230275509, 8.94427190999916, 11.40175425099138, 14.866068747318506, 19.77371993328519, 26.267851073127396, 34.20526275297414, 44.598206241955516, 58.01723881744115, 75.33923280734945, 98.14275317108238, 127.87493890516625, 166.55329477377504, 216.6333307688362, 281.5794736837186, 365.8647291007976, 475.4092973428265, 618.1504671194547, 804.0429093027312, 1045.4970109952492, 1359.2645070036958, 1767.2719089036639, 2297.234206605848, 2986.250994139642, 3882.5165807759277
0.37527733333333335, 0.18719333333333335, 0.10897333333333334, 0.05914533333333334, 0.030843333333333334, 0.018032, 0.010768, 0.0060353333333333335, 0.0031568888888888888, 0.001661142857142857, 0.0008851851851851853, 0.00047655555555555553, 0.00024346666666666666, 0.0001248, 6.74871794871795e-05, 3.709803921568628e-05, 1.8090909090909086e-05, 9.847953216374268e-06, 5.0990990990991e-06, 2.819444444444444e-06, 1.4186666666666667e-06, 7.36196319018405e-07, 3.6477987421383647e-07, 2.666666666666667e-07, 2.0484171322160147e-07, 1.4623655913978495e-07, 7.505518763796909e-08, 1.3570822731128075e-08, 0.0
0.0012348408804376404, 0.0010179281790862146, 0.000753359291588166, 0.00040611164310650654, 0.000505514039809424, 0.0003528014865174024, 0.00015180949725491534, 0.00012399596767637236, 5.403656740841293e-05, 3.434650695023497e-05, 3.50795294752227e-05, 1.956628493538923e-05, 1.0535114711065503e-05, 7.050925865129736e-06, 4.50553024197388e-06, 2.77158093867994e-06, 1.6825687650789992e-06, 8.414552397008163e-07, 8.403044191971907e-07, 3.979596883859556e-07, 2.5129000510698125e-07, 2.3237419568657326e-07, 9.135747827882988e-08, 6.558908731378755e-08, 4.8129787647374626e-08, 4.8745519713261657e-08, 2.0352195269962223e-08, 1.2114382406349196e-08, 0.0
18763.866666666665, 9359.666666666666, 5448.666666666667, 5914.533333333334, 3084.3333333333335, 1803.2, 1615.2, 1207.0666666666666, 947.0666666666667, 581.4, 398.3333333333333, 285.93333333333334, 182.6, 124.8, 87.73333333333333, 63.06666666666667, 39.8, 28.066666666666666, 18.866666666666667, 13.533333333333333, 8.866666666666667, 6.0, 3.8666666666666667, 3.6666666666666665, 3.6666666666666665, 3.4, 2.2666666666666666, 0.5333333333333333, 0.0
61.74204402188188, 50.896408954310765, 37.667964579408256, 40.611164310650665, 50.55140398094245, 35.28014865174024, 22.771424588237288, 24.799193535274487, 16.210970222523866, 12.021277432582243, 15.785788263850213, 11.739770961233539, 7.901336033299123, 7.050925865129739, 5.857189314566046, 4.711687595755899, 3.7016512831737973, 2.3981474331473267, 3.1091263510296048, 1.9102065042525873, 1.570562531918633, 1.893849694845572, 0.9683892697555966, 0.9018499505645788, 0.8615231988880058, 1.1333333333333333, 0.6146362971528592, 0.47609522856952335, 0.0
1, 2, 3, 4, 6, 8, 10, 13, 17, 23, 30, 39, 51, 66, 86, 112, 146, 190, 247, 321, 417, 542, 705, 917, 1192, 1550, 2015, 2619, 3405, 4427
1.4142135623730951, 2.449489742783178, 3.4641016151377544, 4.898979485566356, 6.928203230275509, 8.94427190999916, 11.40175425099138, 14.866068747318506, 19.77371993328519, 26.267851073127396, 34.20526275297414, 44.598206241955516, 58.01723881744115, 75.33923280734945, 98.14275317108238, 127.87493890516625, 166.55329477377504, 216.6333307688362, 281.5794736837186, 365.8647291007976, 475.4092973428265, 618.1504671194547, 804.0429093027312, 1045.4970109952492, 1359.2645070036958, 1767.2719089036639, 2297.234206605848, 2986.250994139642, 3882.5165807759277, 5047.951267593617, 6562.498914285625
0.37518466666666667, 0.18758866666666668, 0.10909266666666667, 0.05922633333333334, 0.030488, 0.018044333333333336, 0.010922222222222222, 0.006031666666666667, 0.0031429999999999995, 0.001632857142857143, 0.0008780740740740741, 0.0004665555555555555, 0.00025035555555555556, 0.00013209999999999999, 6.828205128205129e-05, 3.325490196078431e-05, 1.9045454545454544e-05, 9.918128654970762e-06, 4.936936936936937e-06, 2.7430555555555552e-06, 1.4186666666666667e-06, 7.402862985685072e-07, 4.056603773584906e-07, 1.987878787878788e-07, 9.124767225325885e-08, 9.03225806451613e-08, 5.1876379690949226e-08, 4.240882103477523e-08, 1.8264840182648398e-08, 1.504890895410083e-09, 0.0
0.0006072634427403739, 0.0007263366222963645, 0.0008051349093302445, 0.00029186640779644353, 0.00029319788539483013, 0.00016421462920350428, 0.00017498966459779646, 8.984910189373682e-05, 4.1022577342871246e-05, 2.8578570535937413e-05, 2.515891876483641e-05, 9.605810998467117e-06, 8.965888717457253e-06, 4.6267339092135685e-06, 3.4090030471015927e-06, 1.7518046936621226e-06, 1.6457363450866083e-06, 6.647144906845765e-07, 5.516868790052203e-07, 3.817550035245766e-07, 1.9740539224876527e-07, 1.2894791632257213e-07, 9.205837212770093e-08, 4.437092173993485e-08, 2.3184170573535815e-08, 2.1070879507812284e-08, 1.545253863134658e-08, 8.814507926559173e-09, 4.748930129993813e-09, 2.243358893904981e-09, 0.0
37518.46666666667, 18758.866666666665, 10909.266666666666, 11845.266666666666, 6097.6, 3608.866666666667, 3276.6666666666665, 2412.6666666666665, 1885.8, 1143.0, 790.2666666666667, 559.8666666666667, 375.53333333333336, 264.2, 177.53333333333333, 113.06666666666666, 83.8, 56.53333333333333, 36.53333333333333, 26.333333333333332, 17.733333333333334, 12.066666666666666, 8.6, 5.466666666666667, 3.2666666666666666, 4.2, 3.1333333333333333, 3.3333333333333335, 1.8666666666666667, 0.2, 0.0
60.72634427403718, 72.63366222963626, 80.51349093302453, 58.37328155928875, 58.63957707896604, 32.84292584070088, 52.49689937933901, 35.93964075749475, 24.613546405722737, 20.004999375156203, 22.643026888352775, 11.526973198160526, 13.44883307618587, 9.253467818427136, 8.863407922464136, 5.956135958451213, 7.241239918381075, 3.788872596902086, 4.08248290463863, 3.6648480338359346, 2.4675674031095665, 2.101851036057926, 1.9516374891072599, 1.2202003478482084, 0.8299933065325822, 0.9797958971132712, 0.9333333333333333, 0.6928203230275509, 0.4853406592853679, 0.298142396999972, 0.0
1, 2, 3, 4, 6, 8, 10, 13, 17, 23, 30, 39, 51, 66, 86, 112, 146, 190, 247, 321, 417, 542, 705, 917, 1192, 1550, 2015, 2619, 3405, 4427, 5756, 7482
