RA_PA, 20, 3, 1, 1.3
1000.0, 2000.0, 5000.0, 10000.0, 20000.0, 50000.0, 100000.0
199.9, 316.35, 580.3, 911.0, 1435.05, 2635.7, 4189.8
9.8254770876533, 15.641451339309919, 31.205207898682552, 47.933573828789356, 76.19329038701505, 131.99587114754763, 204.4435557800734
1.4142135623730951, 2.449489742783178, 3.4641016151377544, 4.898979485566356, 6.928203230275509, 8.94427190999916, 11.40175425099138, 14.866068747318506, 19.77371993328519, 26.267851073127396, 34.20526275297414, 44.598206241955516, 58.01723881744115, 75.33923280734945, 98.14275317108238, 127.87493890516625, 166.55329477377504, 216.6333307688362, 281.5794736837186
0.37665, 0.18775, 0.10635000000000001, 0.058675, 0.028050000000000002, 0.018924999999999997, 0.010933333333333333, 0.0058, 0.003166666666666667, 0.001714285714285714, 0.0009055555555555556, 0.0005124999999999999, 0.00022666666666666668, 0.0001775, 0.00011346153846153845, 8.529411764705882e-05, 5.909090909090908e-05, 2.1929824561403507e-05, 0.0
0.005347195526628893, 0.005903177110675234, 0.006166238723889953, 0.0021489823172841606, 0.0013724977231310805, 0.001339542832461881, 0.001045625809423875, 0.000571456472533123, 0.00039729991470200727, 0.000243800688083943, 0.00019396766944551207, 0.00013623152270226513, 6.437735971942654e-05, 4.568916720624267e-05, 3.3253108588058814e-05, 3.0706783849736916e-05, 1.590909090909091e-05, 6.140350877192983e-06, 0.0
376.65, 187.75, 106.35, 117.35, 56.1, 37.85, 32.8, 23.2, 19.0, 12.0, 8.15, 6.15, 3.4, 3.55, 2.95, 2.9, 2.6, 1.25, 0.0
5.347195526628889, 5.903177110675233, 6.166238723889953, 4.297964634568321, 2.7449954462621613, 2.6790856649237624, 3.136877428271625, 2.2858258901324917, 2.383799488212043, 1.706604816587601, 1.7457090250096094, 1.6347782724271815, 0.9656603957913983, 0.9137833441248533, 0.8645808232895293, 1.044030650891055, 0.7, 0.35, 0.0
1, 2, 3, 4, 6, 8, 10, 13, 17, 23, 30, 39, 51, 66, 86, 112, 146, 190, 247, 321
1.4142135623730951, 2.449489742783178, 3.4641016151377544, 4.898979485566356, 6.928203230275509, 8.94427190999916, 11.40175425099138, 14.866068747318506, 19.77371993328519, 26.267851073127396, 34.20526275297414, 44.598206241955516, 58.01723881744115, 75.33923280734945, 98.14275317108238, 127.87493890516625, 166.55329477377504, 216.6333307688362, 281.5794736837186, 365.8647291007976, 475.4092973428265
0.37225, 0.19085000000000002, 0.108975, 0.0581125, 0.03015, 0.0189625, 0.0101, 0.005868749999999999, 0.0033875000000000003, 0.0016250000000000001, 0.0008416666666666666, 0.0004895833333333333, 0.0002549999999999999, 0.00013625000000000003, 6.826923076923077e-05, 4.9264705882352944e-05, 3.465909090909091e-05, 2.719298245614035e-05, 1.621621621621622e-05, 2.864583333333334e-06, 0.0
0.0030034355328523396, 0.00394469580576247, 0.0038605375273399424, 0.0014277385965224861, 0.0015606489035013614, 0.0012446761627025722, 0.0008818777315100625, 0.0005139461304455945, 0.00025, 0.00019489662356631792, 8.188557207213151e-05, 7.37158583873089e-05, 5.0414944874180575e-05, 3.842606537234849e-05, 1.390080028346246e-05, 1.3255703218617609e-05, 1.1249426064331436e-05, 7.085743167282241e-06, 4.4435629857992925e-06, 2.3437500000000002e-06, 0.0
744.5, 381.7, 217.95, 232.45, 120.6, 75.85, 60.6, 46.95, 40.65, 22.75, 15.15, 11.75, 7.65, 5.45, 3.55, 3.35, 3.05, 3.1, 2.4, 0.55, 0.0
6.006871065704674, 7.889391611524933, 7.721075054679888, 5.710954386089947, 6.2425956140054435, 4.978704650810288, 5.291266389060373, 4.111569043564756, 3.0000000000000004, 2.7285527299284507, 1.4739402972983677, 1.7691806012954132, 1.5124483462254175, 1.5370426148939398, 0.7228416147400479, 0.9013878188659975, 0.9899494936611666, 0.8077747210701756, 0.6576473218982952, 0.45, 0.0
1, 2, 3, 4, 6, 8, 10, 13, 17, 23, 30, 39, 51, 66, 86, 112, 146, 190, 247, 321, 417, 542
1.4142135623730951, 2.449489742783178, 3.4641016151377544, 4.898979485566356, 6.928203230275509, 8.94427190999916, 11.40175425099138, 14.866068747318506, 19.77371993328519, 26.267851073127396, 34.20526275297414, 44.598206241955516, 58.01723881744115, 75.33923280734945, 98.14275317108238, 127.87493890516625, 166.55329477377504, 216.6333307688362, 281.5794736837186, 365.8647291007976, 475.4092973428265, 618.1504671194547, 804.0429093027312
0.37315999999999994, 0.18654, 0.10804999999999998, 0.060704999999999995, 0.030710000000000005, 0.018610000000000005, 0.010686666666666667, 0.0058475, 0.003118333333333333, 0.001647142857142857, 0.0008833333333333334, 0.0004691666666666666, 0.00024199999999999995, 0.000136, 6.730769230769232e-05, 3.88235294117647e-05, 1.8181818181818182e-05, 1.1754385964912279e-05, 9.18918918918919e-06, 5.937499999999999e-06, 4.4e-06, 1.4723926380368098e-06, 0.0
0.002838591199873627, 0.00293085311812107, 0.00186649403963688, 0.00139967853452141, 0.0010070253224224303, 0.0005747825675853434, 0.0003943630588965228, 0.0003965239589230391, 0.00014313940369055925, 0.00011187638951366031, 3.850605211369657e-05, 3.149073937948531e-05, 2.1674357609345148e-05, 1.7521415467935233e-05, 1.172919283228993e-05, 9.99567380468613e-06, 5.12750644212658e-06, 2.677953951311184e-06, 2.528146882955366e-06, 2.1524977416428983e-06, 1.36e-06, 6.011017773701051e-07, 0.0
1865.8, 932.7, 540.25, 607.05, 307.1, 186.1, 160.3, 116.95, 93.55, 57.65, 39.75, 28.15, 18.15, 13.6, 8.75, 6.6, 4.0, 3.35, 3.4, 2.85, 2.75, 1.2, 0.0
14.192955999368138, 14.654265590605352, 9.332470198184401, 13.996785345214096, 10.070253224224306, 5.747825675853435, 5.91544588344784, 7.930479178460781, 4.294182110716778, 3.9156736329781117, 1.7327723451163455, 1.8894443627691184, 1.625576820700886, 1.752141546793523, 1.5247950681976905, 1.699264546796643, 1.1280514172678477, 0.7632168761236875, 0.9354143466934854, 1.033198915988591, 0.85, 0.48989794855663565, 0.0
1, 2, 3, 4, 6, 8, 10, 13, 17, 23, 30, 39, 51, 66, 86, 112, 146, 190, 247, 321, 417, 542, 705, 917
1.4142135623730951, 2.449489742783178, 3.4641016151377544, 4.898979485566356, 6.928203230275509, 8.94427190999916, 11.40175425099138, 14.866068747318506, 19.77371993328519, 26.267851073127396, 34.20526275297414, 44.598206241955516, 58.01723881744115, 75.33923280734945, 98.14275317108238, 127.87493890516625, 166.55329477377504, 216.6333307688362, 281.5794736837186, 365.8647291007976, 475.4092973428265, 618.1504671194547, 804.0429093027312, 1045.4970109952492, 1359.2645070036958
0.37532, 0.18667, 0.10855999999999999, 0.059292500000000005, 0.030477499999999998, 0.018317499999999997, 0.010953333333333334, 0.00613125, 0.0031308333333333336, 0.0016, 0.0008683333333333335, 0.0004695833333333333, 0.00024066666666666664, 0.00013875000000000004, 6.615384615384616e-05, 3.8088235294117644e-05, 1.8295454545454546e-05, 1.0438596491228068e-05, 5.135135135135135e-06, 3.4895833333333333e-06, 2.56e-06, 2.055214723926381e-06, 1.0849056603773587e-06, 2.0000000000000004e-07, 0.0
0.002376189175970639, 0.002658782616161015, 0.0019652226336982787, 0.0008420510673349927, 0.0008295932738396569, 0.00046110600733453925, 0.00038830471997589153, 0.00014761647943234527, 0.00013330468442214962, 8.107378851190727e-05, 5.448977704550769e-05, 3.105215147314453e-05, 1.497405163014414e-05, 1.2621905561364339e-05, 9.190617804114248e-06, 7.785789112911204e-06, 3.1450801143404647e-06, 2.55593022532166e-06, 1.0575997190877386e-06, 8.118988160479113e-07, 6.222539674441618e-07, 4.974624153443821e-07, 3.0203416214305896e-07, 1.4316377952748748e-07, 0.0
3753.2, 1866.7, 1085.6, 1185.85, 609.55, 366.35, 328.6, 245.25, 187.85, 112.0, 78.15, 56.35, 36.1, 27.75, 17.2, 12.95, 8.05, 5.95, 3.8, 3.35, 3.2, 3.35, 2.3, 0.55, 0.0
23.76189175970634, 26.587826161610128, 19.652226336982785, 16.841021346699847, 16.59186547679314, 9.222120146690783, 11.649141599276746, 5.904659177293809, 7.998281065328973, 5.675165195833509, 4.904079934095692, 3.7262581767773417, 2.2461077445216207, 2.5243811122728674, 2.3895606290697042, 2.6471682983898095, 1.3838352503098048, 1.4568802284333464, 0.7826237921249264, 0.7794228634059948, 0.7778174593052023, 0.8108637370113427, 0.6403124237432849, 0.3937003937005905, 0.0
1, 2, 3, 4, 6, 8, 10, 13, 17, 23, 30, 39, 51, 66, 86, 112, 146, 190, 247, 321, 417, 542, 705, 917, 1192, 1550
1.4142135623730951, 2.449489742783178, 3.4641016151377544, 4.898979485566356, 6.928203230275509, 8.94427190999916, 11.40175425099138, 14.866068747318506, 19.77371993328519, 26.267851073127396, 34.20526275297414, 44.598206241955516, 58.01723881744115, 75.33923280734945, 98.14275317108238, 127.87493890516625, 166.55329477377504, 216.6333307688362, 281.5794736837186, 365.8647291007976, 475.4092973428265, 618.1504671194547, 804.0429093027312, 1045.4970109952492, 1359.2645070036958, 1767.2719089036639, 2297.234206605848
0.374425, 0.18741, 0.1093375, 0.059262499999999996, 0.030557499999999998, 0.0180275, 0.010885833333333334, 0.00610125, 0.00317625, 0.0016685714285714285, 0.0008541666666666666, 0.0004602083333333333, 0.00024416666666666673, 0.000131625, 6.701923076923077e-05, 3.794117647058823e-05, 1.7613636363636362e-05, 1.057017543859649e-05, 5.000000000000001e-06, 2.8385416666666668e-06, 1.46e-06, 1.1042944785276075e-06, 6.839622641509433e-07, 5.454545454545455e-07, 2.793296089385475e-07, 3.7634408602150537e-08, 0.0
0.0011529473101577546, 0.0014685898848895832, 0.0008876971611985699, 0.0005482871054475018, 0.0004853429843935114, 0.00031230243755052574, 0.0002692066533765876, 0.00017342595682307764, 9.649769715156711e-05, 5.108266609634041e-05, 3.8390657621257176e-05, 1.8595427678748225e-05, 1.2626031311012438e-05, 7.573597229850552e-06, 6.197262709354623e-06, 3.829181343026922e-06, 1.9343232421078634e-06, 1.8951226053042365e-06, 8.233822707401311e-07, 6.909634979907082e-07, 2.986636904613616e-07, 2.6917068672981975e-07, 2.1061994221098764e-07, 1.2060453783110545e-07, 8.524131016573814e-08, 3.5255045829580645e-08, 0.0
7488.5, 3748.2, 2186.75, 2370.5, 1222.3, 721.1, 653.15, 488.1, 381.15, 233.6, 153.75, 110.45, 73.25, 52.65, 34.85, 25.8, 15.5, 12.05, 7.4, 5.45, 3.65, 3.6, 2.9, 3.0, 2.0, 0.35, 0.0
23.058946203155074, 29.37179769779167, 17.7539432239714, 21.93148421790007, 19.413719375740445, 12.492097502021029, 16.15239920259526, 13.874076545846213, 11.57972365818805, 7.151573253487655, 6.910318371826294, 4.462902642899573, 3.7878093933037333, 3.029438891940222, 3.2225766088644043, 2.603843313258307, 1.7022044530549205, 2.16043977004683, 1.2186057606953942, 1.3266499161421597, 0.746659226153404, 0.8774964387392121, 0.8930285549745876, 0.66332495807108, 0.6103277807866851, 0.32787192621510003, 0.0
1, 2, 3, 4, 6, 8, 10, 13, 17, 23, 30, 39, 51, 66, 86, 112, 146, 190, 247, 321, 417, 542, 705, 917, 1192, 1550, 2015, 2619
1.4142135623730951, 2.449489742783178, 3.4641016151377544, 4.898979485566356, 6.928203230275509, 8.94427190999916, 11.40175425099138, 14.866068747318506, 19.77371993328519, 26.267851073127396, 34.20526275297414, 44.598206241955516, 58.01723881744115, 75.33923280734945, 98.14275317108238, 127.87493890516625, 166.55329477377504, 216.6333307688362, 281.5794736837186, 365.8647291007976, 475.4092973428265, 618.1504671194547, 804.0429093027312, 1045.4970109952492, 1359.2645070036958, 1767.2719089036639, 2297.234206605848, 2986.250994139642, 3882.5165807759277
0.375487, 0.18681, 0.109253, 0.059154000000000005, 0.0307255, 0.018105, 0.010788666666666665, 0.0060195, 0.0031593333333333334, 0.0016561428571428567, 0.0008900000000000002, 0.00047274999999999997, 0.00024273333333333334, 0.00012585, 6.800000000000001e-05, 3.635294117647059e-05, 1.8136363636363636e-05, 9.94736842105263e-06, 5.040540540540541e-06, 2.739583333333333e-06, 1.416e-06, 7.361963190184049e-07, 3.867924528301887e-07, 2.6181818181818186e-07, 1.7877094972067038e-07, 1.333333333333333e-07, 8.278145695364239e-08, 1.9083969465648856e-08, 0.0
0.0009714072266562591, 0.0008162658880536413, 0.0006455486039021389, 0.00031159468865819893, 0.00038378021053722883, 0.000287097979790872, 0.00011998935137938057, 9.838413235883105e-05, 4.287546565992673e-05, 2.949264868625082e-05, 2.9591456891941878e-05, 1.6447306432631724e-05, 8.422984427545067e-06, 5.575840743780257e-06, 3.5511894831960352e-06, 2.3758080031475757e-06, 1.370626025755873e-06, 6.969131251242529e-07, 7.02832628321397e-07, 3.109335740958187e-07, 2.0846102753272615e-07, 1.907768319689106e-07, 8.503658668547145e-08, 5.964079806129719e-08, 4.245442500997393e-08, 3.86498940980891e-08, 1.951957967309867e-08, 1.116407682874316e-08, 0.0
18774.35, 9340.5, 5462.65, 5915.4, 3072.55, 1810.5, 1618.3, 1203.9, 947.8, 579.65, 400.5, 283.65, 182.05, 125.85, 88.4, 61.8, 39.9, 28.35, 18.65, 13.15, 8.85, 6.0, 4.1, 3.6, 3.2, 3.1, 2.5, 0.75, 0.0
48.57036133281284, 40.813294402682075, 32.277430195106916, 31.1594688658199, 38.378021053722925, 28.709797979087206, 17.998402706907076, 19.676826471766223, 12.862639697978015, 10.322427040187787, 13.316155601373845, 9.868383859579035, 6.3172383206588, 5.57584074378026, 4.616546328154847, 4.0388736053508785, 3.0153772566629202, 1.9862024066041208, 2.600480724789169, 1.4924811556599302, 1.3028814220795382, 1.5548311805466213, 0.9013878188659973, 0.8200609733428363, 0.7599342076785331, 0.8986100377805715, 0.5894913061275798, 0.4387482193696061, 0.0
1, 2, 3, 4, 6, 8, 10, 13, 17, 23, 30, 39, 51, 66, 86, 112, 146, 190, 247, 321, 417, 542, 705, 917, 1192, 1550, 2015, 2619, 3405, 4427
1.4142135623730951, 2.449489742783178, 3.4641016151377544, 4.898979485566356, 6.928203230275509, 8.94427190999916, 11.40175425099138, 14.866068747318506, 19.77371993328519, 26.267851073127396, 34.20526275297414, 44.598206241955516, 58.01723881744115, 75.33923280734945, 98.14275317108238, 127.87493890516625, 166.55329477377504, 216.6333307688362, 281.5794736837186, 365.8647291007976, 475.4092973428265, 618.1504671194547, 804.0429093027312, 1045.4970109952492, 1359.2645070036958, 1767.2719089036639, 2297.234206605848, 2986.250994139642, 3882.5165807759277, 5047.951267593617, 6562.498914285625
0.375126, 0.18736750000000002, 0.10926, 0.05935475, 0.030479250000000003, 0.018003500000000002, 0.010897833333333332, 0.006022375, 0.0031659999999999995, 0.0016294285714285712, 0.0008743888888888887, 0.00046612499999999996, 0.0002504333333333333, 0.000131925, 6.788461538461538e-05, 3.401470588235294e-05, 1.8875e-05, 9.62280701754386e-06, 5.081081081081081e-06, 2.7343749999999995e-06, 1.368e-06, 7.331288343558282e-07, 3.9622641509433963e-07, 2.0181818181818185e-07, 1.0335195530726257e-07, 8.279569892473119e-08, 4.5529801324503316e-08, 3.944020356234096e-08, 2.054794520547945e-08, 3.3860045146726863e-09, 0.0
0.0005332260308724639, 0.0005921543295459399, 0.0006224385511839697, 0.00024126411875784586, 0.00022483202062873508, 0.0001326772399471739, 0.0001327758135605526, 7.310277440015524e-05, 3.21887877304436e-05, 2.348045213902535e-05, 1.9704530405937575e-05, 7.409172243465086e-06, 7.421140972474071e-06, 3.842199890687625e-06, 2.847323044670216e-06, 1.3274451878113842e-06, 1.2766781210600378e-06, 5.395984736571824e-07, 4.6045202803786006e-07, 2.937980161702179e-07, 1.6752313273097536e-07, 9.987006500674665e-08, 7.040005451226085e-08, 3.9792852051344156e-08, 1.899646719097129e-08, 1.7668469596940842e-08, 1.4854601361694009e-08, 8.860297886249441e-09, 5.291905003127185e-09, 2.7646611092360925e-09, 0.0
37512.6, 18736.75, 10926.0, 11870.95, 6095.85, 3600.7, 3269.35, 2408.95, 1899.6, 1140.6, 786.95, 559.35, 375.65, 263.85, 176.5, 115.65, 83.05, 54.85, 37.6, 26.25, 17.1, 11.95, 8.4, 5.55, 3.7, 3.85, 2.75, 3.1, 2.1, 0.45, 0.0
53.322603087246215, 59.21543295459386, 62.24385511839703, 48.25282375156919, 44.96640412574703, 26.53544798943481, 39.83274406816584, 29.24110976006212, 19.313272638266152, 16.436316497317762, 17.734077365343822, 8.891006692158093, 11.131711458711099, 7.684399781375251, 7.403039916142558, 4.513313638558703, 5.617383732664167, 3.0757112998459397, 3.4073450074801643, 2.820460955234091, 2.0940391591371927, 1.6278820596099706, 1.4924811556599302, 1.0943034314119644, 0.6800735254367722, 0.8215838362577491, 0.8972179222463181, 0.6964194138592059, 0.5408326913195984, 0.3674234614174767, 0.0
1, 2, 3, 4, 6, 8, 10, 13, 17, 23, 30, 39, 51, 66, 86, 112, 146, 190, 247, 321, 417, 542, 705, 917, 1192, 1550, 2015, 2619, 3405, 4427, 5756, 7482
