RA_PA, 10, 3, 1, 1.3
1000.0, 2000.0, 5000.0, 10000.0, 20000.0, 50000.0, 100000.0
198.2, 313.4, 572.6, 892.9, 1395.5, 2581.0, 4113.5
17.525980714356614, 27.97927804644001, 54.279277813913474, 80.87824182065285, 129.3361898309982, 224.21552131821738, 341.2911513649306
1.4142135623730951, 2.449489742783178, 3.4641016151377544, 4.898979485566356, 6.928203230275509, 8.94427190999916, 11.40175425099138, 14.866068747318506, 19.77371993328519, 26.267851073127396, 34.20526275297414, 44.598206241955516, 58.01723881744115, 75.33923280734945, 98.14275317108238, 127.87493890516625, 166.55329477377504, 216.6333307688362, 281.5794736837186
0.3781, 0.18530000000000002, 0.1089, 0.057550000000000004, 0.028600000000000004, 0.018349999999999998, 0.010933333333333333, 0.005899999999999999, 0.003183333333333334, 0.0017857142857142857, 0.0008777777777777779, 0.0004916666666666666, 0.00022, 0.00016999999999999999, 0.0001423076923076923, 8.235294117647058e-05, 6.363636363636363e-05, 1.5789473684210522e-05, 0.0
0.008478797084492593, 0.01054561520253797, 0.011166467659918243, 0.0028412145290350743, 0.0021656407827707713, 0.002258871399615303, 0.0018306040290327979, 0.0008746427842267951, 0.000720532210707243, 0.0004152697672499609, 0.00029585615457098545, 0.0001987810073646094, 0.00011566234381931646, 6.403124237432849e-05, 4.880222130942123e-05, 4.886249331128279e-05, 2.6504326794751367e-05, 9.447657556376322e-06, 0.0
378.1, 185.3, 108.9, 115.1, 57.2, 36.7, 32.8, 23.6, 19.1, 12.5, 7.9, 5.9, 3.3, 3.4, 3.7, 2.8, 2.8, 0.9, 0.0
8.478797084492587, 10.545615202537972, 11.166467659918244, 5.682429058070149, 4.331281565541543, 4.517742799230607, 5.491812087098393, 3.49857113690718, 4.323193264243456, 2.9068883707497264, 2.6627053911388696, 2.3853720883753127, 1.7349351572897473, 1.2806248474865698, 1.2688577540449522, 1.6613247725836149, 1.16619037896906, 0.5385164807134504, 0.0
1, 2, 3, 4, 6, 8, 10, 13, 17, 23, 30, 39, 51, 66, 86, 112, 146, 190, 247, 321
1.4142135623730951, 2.449489742783178, 3.4641016151377544, 4.898979485566356, 6.928203230275509, 8.94427190999916, 11.40175425099138, 14.866068747318506, 19.77371993328519, 26.267851073127396, 34.20526275297414, 44.598206241955516, 58.01723881744115, 75.33923280734945, 98.14275317108238, 127.87493890516625, 166.55329477377504, 216.6333307688362, 281.5794736837186, 365.8647291007976, 475.4092973428265
0.37324999999999997, 0.19045, 0.1079, 0.05885, 0.029400000000000003, 0.018975, 0.009949999999999999, 0.006049999999999999, 0.0034333333333333334, 0.0015428571428571425, 0.0008833333333333334, 0.0004916666666666666, 0.00027, 0.0001325, 5.5769230769230765e-05, 5.147058823529412e-05, 4.090909090909091e-05, 2.894736842105263e-05, 1.554054054054054e-05, 1.5625e-06, 0.0
0.0037500000000000038, 0.007184879957243551, 0.006658828725834596, 0.0016054594358002308, 0.002377498685593749, 0.002311520062642762, 0.0016500000000000006, 0.0009222933372848358, 0.00042130748865881794, 0.0003000000000000001, 0.00013933262448871612, 0.00014166666666666668, 7.810249675906654e-05, 5.7063561052566635e-05, 2.18419551761549e-05, 1.889004790980166e-05, 1.54143863252847e-05, 1.0416089550033258e-05, 6.081081081081082e-06, 2.386758174456167e-06, 0.0
746.5, 380.9, 215.8, 235.4, 117.6, 75.9, 59.7, 48.4, 41.2, 21.6, 15.9, 11.8, 8.1, 5.3, 2.9, 3.5, 3.6, 3.3, 2.3, 0.3, 0.0
7.5, 14.369759914487087, 13.317657451669195, 6.421837743200929, 9.509994742374992, 9.24608025057105, 9.9, 7.378346698278688, 5.055689863905815, 4.2, 2.507987240796891, 3.4, 2.3430749027719964, 2.2825424421026654, 1.1357816691600546, 1.284523257866513, 1.3564659966250536, 1.1874342087037917, 0.9, 0.45825756949558394, 0.0
1, 2, 3, 4, 6, 8, 10, 13, 17, 23, 30, 39, 51, 66, 86, 112, 146, 190, 247, 321, 417, 542
1.4142135623730951, 2.449489742783178, 3.4641016151377544, 4.898979485566356, 6.928203230275509, 8.94427190999916, 11.40175425099138, 14.866068747318506, 19.77371993328519, 26.267851073127396, 34.20526275297414, 44.598206241955516, 58.01723881744115, 75.33923280734945, 98.14275317108238, 127.87493890516625, 166.55329477377504, 216.6333307688362, 281.5794736837186, 365.8647291007976, 475.4092973428265, 618.1504671194547, 804.0429093027312
0.37215999999999994, 0.18702000000000002, 0.10772, 0.061, 0.03084, 0.01853, 0.01082, 0.005705, 0.0031200000000000004, 0.0016657142857142856, 0.0008955555555555557, 0.0004633333333333333, 0.00024133333333333328, 0.000152, 6.153846153846154e-05, 4.0588235294117644e-05, 1.409090909090909e-05, 1.2280701754385963e-05, 1.0810810810810812e-05, 6.041666666666665e-06, 4.64e-06, 9.815950920245399e-07, 0.0
0.004086856983061678, 0.004140966070858346, 0.002305124725475825, 0.002185863673699713, 0.0018682612237050792, 0.0009176600677810924, 0.000569639262067573, 0.0007170948333379625, 0.0002156128217172831, 0.0001987922718491309, 6.595920924291482e-05, 4.136557881996953e-05, 3.448671241700684e-05, 2.785677655436824e-05, 1.820332240953728e-05, 1.7538884136324202e-05, 8.24470779418957e-06, 4.225120904839402e-06, 4.522486629913922e-06, 3.4169207222618177e-06, 2.199636333578803e-06, 1.0696684524026193e-06, 0.0
1860.8, 935.1, 538.6, 610.0, 308.4, 185.3, 162.3, 114.1, 93.6, 58.3, 40.3, 27.8, 18.1, 15.2, 8.0, 6.9, 3.1, 3.5, 4.0, 2.9, 2.9, 0.8, 0.0
20.43428491530839, 20.704830354291722, 11.52562362737913, 21.858636736997116, 18.682612237050794, 9.17660067781093, 8.544588931013593, 14.341896666759245, 6.468384651518492, 6.957729514719583, 2.9681644159311658, 2.4819347291981715, 2.5865034312755126, 2.7856776554368237, 2.3664319132398464, 2.9816103031751147, 1.8138357147217055, 1.2041594578792296, 1.6733200530681511, 1.6401219466856727, 1.374772708486752, 0.8717797887081349, 0.0
1, 2, 3, 4, 6, 8, 10, 13, 17, 23, 30, 39, 51, 66, 86, 112, 146, 190, 247, 321, 417, 542, 705, 917
1.4142135623730951, 2.449489742783178, 3.4641016151377544, 4.898979485566356, 6.928203230275509, 8.94427190999916, 11.40175425099138, 14.866068747318506, 19.77371993328519, 26.267851073127396, 34.20526275297414, 44.598206241955516, 58.01723881744115, 75.33923280734945, 98.14275317108238, 127.87493890516625, 166.55329477377504, 216.6333307688362, 281.5794736837186, 365.8647291007976, 475.4092973428265, 618.1504671194547, 804.0429093027312, 1045.4970109952492, 1359.2645070036958
0.37459, 0.18765, 0.10876, 0.058910000000000004, 0.03066, 0.017985, 0.010983333333333335, 0.006240000000000001, 0.0031316666666666667, 0.0016014285714285714, 0.0008777777777777779, 0.0004633333333333334, 0.00024400000000000002, 0.00013450000000000002, 7e-05, 3.9117647058823526e-05, 1.7727272727272726e-05, 9.999999999999999e-06, 4.72972972972973e-06, 3.854166666666667e-06, 2.7200000000000002e-06, 2.2699386503067486e-06, 9.433962264150945e-07, 1.4545454545454545e-07, 0.0
0.003997611787054876, 0.004908207412080306, 0.0030453899586095692, 0.0013416035181826266, 0.0014870776711389357, 0.0006924774364555138, 0.0004998333055462921, 0.00021800229356591652, 0.00018833333333333346, 9.698516612853535e-05, 9.335978461155563e-05, 4.6874537034750795e-05, 2.4979991993593605e-05, 2.4642443060703217e-05, 1.3189560153447881e-05, 1.3672516822552303e-05, 4.853217387286959e-06, 4.004460424741518e-06, 1.6272425106476078e-06, 1.2369106340664497e-06, 9.6e-07, 8.697820171017072e-07, 4.218996183961868e-07, 1.7814470856604934e-07, 0.0
3745.9, 1876.5, 1087.6, 1178.2, 613.2, 359.7, 329.5, 249.6, 187.9, 112.1, 79.0, 55.6, 36.6, 26.9, 18.2, 13.3, 7.8, 5.7, 3.5, 3.7, 3.4, 3.7, 2.0, 0.4, 0.0
39.97611787054866, 49.08207412080301, 30.453899586095698, 26.83207036365252, 29.74155342277871, 13.849548729110275, 14.994999166388773, 8.720091742636656, 11.299999999999999, 6.788961628997471, 8.402380615040002, 5.624944444170094, 3.746998799039039, 4.928488612140643, 3.4292856398964493, 4.648655719667784, 2.1354156504062622, 2.2825424421026654, 1.2041594578792296, 1.1874342087037917, 1.2, 1.4177446878757827, 0.8944271909999159, 0.48989794855663565, 0.0
1, 2, 3, 4, 6, 8, 10, 13, 17, 23, 30, 39, 51, 66, 86, 112, 146, 190, 247, 321, 417, 542, 705, 917, 1192, 1550
1.4142135623730951, 2.449489742783178, 3.4641016151377544, 4.898979485566356, 6.928203230275509, 8.94427190999916, 11.40175425099138, 14.866068747318506, 19.77371993328519, 26.267851073127396, 34.20526275297414, 44.598206241955516, 58.01723881744115, 75.33923280734945, 98.14275317108238, 127.87493890516625, 166.55329477377504, 216.6333307688362, 281.5794736837186, 365.8647291007976, 475.4092973428265, 618.1504671194547, 804.0429093027312, 1045.4970109952492, 1359.2645070036958, 1767.2719089036639, 2297.234206605848
0.37401, 0.18811499999999998, 0.10944499999999999, 0.05904, 0.030527500000000003, 0.0179025, 0.011003333333333334, 0.0060275, 0.0032166666666666663, 0.0016685714285714285, 0.0008505555555555555, 0.00046125, 0.0002470000000000001, 0.00013475, 6.461538461538462e-05, 3.7941176470588225e-05, 1.852272727272727e-05, 1.0614035087719297e-05, 5.135135135135136e-06, 2.604166666666667e-06, 1.3199999999999999e-06, 1.1656441717791413e-06, 7.783018867924528e-07, 5.818181818181818e-07, 2.6536312849162015e-07, 1.0752688172043011e-08, 0.0
0.0013165864954494965, 0.0021083227931225318, 0.0008171444180804263, 0.0008885521931771929, 0.00087016162291841, 0.00040872515214995044, 0.0004869861964733247, 0.00028889877119849433, 0.00011983785341498381, 9.401476219298799e-05, 5.876559420041961e-05, 2.5348268623758578e-05, 2.33547520741378e-05, 1.201301377673396e-05, 1.1766968108291041e-05, 6.63559657216381e-06, 2.7858296982116503e-06, 3.3620645432871575e-06, 1.2531916885805007e-06, 1.141088661469096e-06, 5.075431016179807e-07, 3.5772711011320867e-07, 2.594339622641509e-07, 1.9582417480489104e-07, 1.3175951301755033e-07, 3.225806451612903e-08, 0.0
7480.2, 3762.3, 2188.9, 2361.6, 1221.1, 716.1, 660.2, 482.2, 386.0, 233.6, 153.1, 110.7, 74.1, 53.9, 33.6, 25.8, 16.3, 12.1, 7.6, 5.0, 3.3, 3.8, 3.3, 3.2, 1.9, 0.1, 0.0
26.331729908990027, 42.16645586245066, 16.342888361608544, 35.542087727087726, 34.806464916736374, 16.34900608599801, 29.21917178839948, 23.11190169587955, 14.38054240979804, 13.162066707018317, 10.577806956075536, 6.0835844697020525, 7.006425622241343, 4.805205510693585, 6.118823416311342, 4.512205669071391, 2.451530134426253, 3.83275357934736, 1.8547236990991407, 2.1908902300206643, 1.2688577540449522, 1.1661903789690602, 1.1, 1.0770329614269007, 0.9433981132056604, 0.30000000000000004, 0.0
1, 2, 3, 4, 6, 8, 10, 13, 17, 23, 30, 39, 51, 66, 86, 112, 146, 190, 247, 321, 417, 542, 705, 917, 1192, 1550, 2015, 2619
1.4142135623730951, 2.449489742783178, 3.4641016151377544, 4.898979485566356, 6.928203230275509, 8.94427190999916, 11.40175425099138, 14.866068747318506, 19.77371993328519, 26.267851073127396, 34.20526275297414, 44.598206241955516, 58.01723881744115, 75.33923280734945, 98.14275317108238, 127.87493890516625, 166.55329477377504, 216.6333307688362, 281.5794736837186, 365.8647291007976, 475.4092973428265, 618.1504671194547, 804.0429093027312, 1045.4970109952492, 1359.2645070036958, 1767.2719089036639, 2297.234206605848, 2986.250994139642, 3882.5165807759277
0.374968, 0.18714, 0.109514, 0.05913700000000001, 0.030784999999999996, 0.018081, 0.010748666666666667, 0.0060195000000000005, 0.0031416666666666663, 0.0016677142857142856, 0.0008897777777777779, 0.00047266666666666665, 0.0002436, 0.00012499999999999998, 6.853846153846154e-05, 3.747058823529411e-05, 1.777272727272727e-05, 9.473684210526315e-06, 5.432432432432433e-06, 2.8124999999999998e-06, 1.392e-06, 7.730061349693252e-07, 3.30188679245283e-07, 2.836363636363637e-07, 1.8435754189944136e-07, 1.5053763440860217e-07, 7.6158940397351e-08, 1.272264631043257e-08, 0.0
0.0017618217844038643, 0.001490691114885977, 0.0010200019607824304, 0.0005777032110002501, 0.0006774252726316007, 0.0005038739921845539, 0.0002031977690166242, 0.00015537776546211486, 7.497036451529071e-05, 4.064881954758641e-05, 4.600805082527126e-05, 2.8481963103378638e-05, 1.216260206077996e-05, 8.426149773176356e-06, 6.281841964069014e-06, 3.928865759881539e-06, 2.2123806406614475e-06, 1.174259686363615e-06, 1.0072781164099583e-06, 4.95202680166863e-07, 3.28292552458931e-07, 3.3400386721021346e-07, 1.054749045990467e-07, 8.877494993260875e-08, 5.614455654257481e-08, 6.732247674192916e-08, 2.9801324503311256e-08, 1.7069221202288474e-08, 0.0
18748.4, 9357.0, 5475.7, 5913.7, 3078.5, 1808.1, 1612.3, 1203.9, 942.5, 583.7, 400.4, 283.6, 182.7, 125.0, 89.1, 63.7, 39.1, 27.0, 20.1, 13.5, 8.7, 6.3, 3.5, 3.9, 3.3, 3.5, 2.3, 0.5, 0.0
88.09108922019298, 74.5345557442989, 51.00009803912145, 57.77032110002505, 67.74252726316018, 50.38739921845541, 30.47966535249362, 31.07555309242299, 22.491109354587202, 14.22708684165525, 20.703622871372055, 17.089177862027185, 9.12195154558497, 8.426149773176359, 8.16639455328972, 6.679071791798618, 4.867237409455183, 3.3466401061363023, 3.726929030716845, 2.3769728648009427, 2.0518284528683193, 2.72213151776324, 1.118033988749895, 1.2206555615733703, 1.004987562112089, 1.5652475842498528, 0.9, 0.6708203932499369, 0.0
1, 2, 3, 4, 6, 8, 10, 13, 17, 23, 30, 39, 51, 66, 86, 112, 146, 190, 247, 321, 417, 542, 705, 917, 1192, 1550, 2015, 2619, 3405, 4427
1.4142135623730951, 2.449489742783178, 3.4641016151377544, 4.898979485566356, 6.928203230275509, 8.94427190999916, 11.40175425099138, 14.866068747318506, 19.77371993328519, 26.267851073127396, 34.20526275297414, 44.598206241955516, 58.01723881744115, 75.33923280734945, 98.14275317108238, 127.87493890516625, 166.55329477377504, 216.6333307688362, 281.5794736837186, 365.8647291007976, 475.4092973428265, 618.1504671194547, 804.0429093027312, 1045.4970109952492, 1359.2645070036958, 1767.2719089036639, 2297.234206605848, 2986.250994139642, 3882.5165807759277, 5047.951267593617, 6562.498914285625
0.375214, 0.187375, 0.10898299999999998, 0.059295, 0.0305155, 0.018112, 0.010943, 0.00603025, 0.003131166666666666, 0.0016207142857142857, 0.0008843333333333333, 0.0004673333333333333, 0.0002485333333333333, 0.0001334, 6.8e-05, 3.317647058823529e-05, 1.945454545454545e-05, 9.92982456140351e-06, 4.945945945945946e-06, 2.625e-06, 1.4719999999999998e-06, 7.361963190184049e-07, 4.1037735849056606e-07, 1.9272727272727277e-07, 8.659217877094972e-08, 8.602150537634409e-08, 5.2980132450331126e-08, 4.325699745547074e-08, 1.8590998043052832e-08, 1.5048908954100828e-09, 0.0
0.0008765409288789707, 0.001079483672873289, 0.0011597417816048524, 0.00039599873737172406, 0.00042082330021043265, 0.00023119472312317145, 0.00025749412075273104, 0.00013356856853316944, 5.8878641666095266e-05, 3.821128159086431e-05, 3.463905595611497e-05, 1.2592987466575752e-05, 1.1790014607473763e-05, 6.865857557508749e-06, 3.688299106072881e-06, 2.0069084834390576e-06, 2.3970539769882204e-06, 7.492686492653554e-07, 7.791100165080851e-07, 5.327796605226844e-07, 2.844222213540988e-07, 1.7991261716092243e-07, 1.0971418254351895e-07, 6.308855117417262e-08, 2.3202859952285123e-08, 1.9234993354836902e-08, 1.622178637604754e-08, 1.2974604360286986e-08, 6.849315068493149e-09, 3.0097817908201655e-09, 0.0
37521.4, 18737.5, 10898.3, 11859.0, 6103.1, 3622.4, 3282.9, 2412.1, 1878.7, 1134.5, 795.9, 560.8, 372.8, 266.8, 176.8, 112.8, 85.6, 56.6, 36.6, 25.2, 18.4, 12.0, 8.7, 5.3, 3.1, 4.0, 3.2, 3.4, 1.9, 0.2, 0.0
87.65409288789657, 107.94836728732862, 115.97417816048537, 79.19974747434489, 84.16466004208655, 46.23894462463433, 77.24823622581943, 53.4274274132678, 35.327184999657135, 26.747897113605024, 31.175150360503476, 15.111584959890871, 17.685021911210626, 13.731715115017497, 9.589577675789482, 6.823488843692792, 10.547037498748168, 4.2708313008125245, 5.76541412215983, 5.114684741017769, 3.555277766926235, 2.932575659723036, 2.325940669922602, 1.7349351572897473, 0.8306623862918074, 0.8944271909999159, 0.9797958971132713, 1.019803902718557, 0.7000000000000001, 0.4000000000000001, 0.0
1, 2, 3, 4, 6, 8, 10, 13, 17, 23, 30, 39, 51, 66, 86, 112, 146, 190, 247, 321, 417, 542, 705, 917, 1192, 1550, 2015, 2619, 3405, 4427, 5756, 7482
