RA_PA, 5, 3, 1, 1.3
1000.0, 2000.0, 5000.0, 10000.0, 20000.0, 50000.0, 100000.0
190.4, 306.8, 561.6, 875.6, 1394.6, 2561.8, 4080.6
9.728309205612248, 15.118200951171406, 41.14656729303187, 71.02562917707945, 112.82659261007575, 195.21208978954147, 321.51491411752585
1.4142135623730951, 2.449489742783178, 3.4641016151377544, 4.898979485566356, 6.928203230275509, 8.94427190999916, 11.40175425099138, 14.866068747318506, 19.77371993328519, 26.267851073127396, 34.20526275297414, 44.598206241955516, 58.01723881744115, 75.33923280734945, 98.14275317108238, 127.87493890516625, 166.55329477377504, 216.6333307688362, 281.5794736837186
0.3692, 0.19619999999999999, 0.10540000000000001, 0.058199999999999995, 0.028399999999999998, 0.02, 0.010466666666666664, 0.0049, 0.0034666666666666665, 0.001714285714285714, 0.0009111111111111111, 0.0006000000000000001, 0.00022666666666666668, 0.00019, 0.00012307692307692307, 8.823529411764705e-05, 5.90909090909091e-05, 1.4035087719298244e-05, 0.0
0.004664761515876245, 0.006013318551349162, 0.007418894796396565, 0.004365775990588615, 0.002395829710142189, 0.002236067977499789, 0.001127435635019184, 0.0011575836902790223, 0.00045215533220835114, 0.0004517539514526256, 0.00025724082006200506, 0.0002758824226207808, 6.79869268479038e-05, 0.00011135528725660044, 8.565791327430804e-05, 4.1594516540385153e-05, 1.1134044285378074e-05, 7.017543859649122e-06, 0.0
369.2, 196.2, 105.4, 116.4, 56.8, 40.0, 31.4, 19.6, 20.8, 12.0, 8.2, 7.2, 3.4, 3.8, 3.2, 3.0, 2.6, 0.8, 0.0
4.66476151587624, 6.013318551349163, 7.418894796396564, 8.73155198117723, 4.791659420284376, 4.47213595499958, 3.3823069050575527, 4.63033476111609, 2.7129319932501073, 3.1622776601683795, 2.315167380558045, 3.3105890714493698, 1.019803902718557, 2.2271057451320084, 2.227105745132009, 1.4142135623730951, 0.4898979485566356, 0.4, 0.0
1, 2, 3, 4, 6, 8, 10, 13, 17, 23, 30, 39, 51, 66, 86, 112, 146, 190, 247, 321
1.4142135623730951, 2.449489742783178, 3.4641016151377544, 4.898979485566356, 6.928203230275509, 8.94427190999916, 11.40175425099138, 14.866068747318506, 19.77371993328519, 26.267851073127396, 34.20526275297414, 44.598206241955516, 58.01723881744115, 75.33923280734945, 98.14275317108238, 127.87493890516625, 166.55329477377504, 216.6333307688362, 281.5794736837186, 365.8647291007976, 475.4092973428265
0.3679, 0.19460000000000002, 0.11339999999999999, 0.05615, 0.03025, 0.0195, 0.009866666666666666, 0.005724999999999999, 0.0032666666666666664, 0.0016285714285714284, 0.0008444444444444443, 0.0005583333333333332, 0.0002133333333333333, 0.00015500000000000003, 7.307692307692307e-05, 5.294117647058823e-05, 3.6363636363636364e-05, 2.807017543859649e-05, 1.6216216216216218e-05, 1.0416666666666667e-06, 0.0
0.007038465741907115, 0.002922327839240494, 0.006468384651518493, 0.0038974350539810144, 0.0034095454242464643, 0.0012942179105544785, 0.00041365578819969466, 0.000406201920231798, 0.00021343747458109493, 0.0003625307868699862, 9.558139185602921e-05, 7.264831572567787e-05, 9.333333333333332e-05, 6.96419413859206e-05, 1.8842228790639832e-05, 3.028126512055e-05, 2.0829889522526546e-05, 8.594700851870799e-06, 5.405405405405406e-06, 2.0833333333333334e-06, 0.0
735.8, 389.2, 226.8, 224.6, 121.0, 78.0, 59.2, 45.8, 39.2, 22.8, 15.2, 13.4, 6.4, 6.2, 3.8, 3.6, 3.2, 3.2, 2.4, 0.2, 0.0
14.076931483814219, 5.844655678480983, 12.936769303036982, 15.589740215924062, 13.638181696985855, 5.176871642217914, 2.481934729198171, 3.249615361854384, 2.5612496949731396, 5.075431016179809, 1.7204650534085253, 1.7435595774162693, 2.8000000000000003, 2.7856776554368237, 0.9797958971132712, 2.0591260281974, 1.8330302779823362, 0.9797958971132712, 0.8, 0.4000000000000001, 0.0
1, 2, 3, 4, 6, 8, 10, 13, 17, 23, 30, 39, 51, 66, 86, 112, 146, 190, 247, 321, 417, 542
1.4142135623730951, 2.449489742783178, 3.4641016151377544, 4.898979485566356, 6.928203230275509, 8.94427190999916, 11.40175425099138, 14.866068747318506, 19.77371993328519, 26.267851073127396, 34.20526275297414, 44.598206241955516, 58.01723881744115, 75.33923280734945, 98.14275317108238, 127.87493890516625, 166.55329477377504, 216.6333307688362, 281.5794736837186, 365.8647291007976, 475.4092973428265, 618.1504671194547, 804.0429093027312
0.37327999999999995, 0.18767999999999999, 0.10740000000000001, 0.06062000000000001, 0.030520000000000002, 0.0185, 0.0106, 0.0059900000000000005, 0.0030533333333333332, 0.0016171428571428574, 0.0009244444444444445, 0.00047666666666666663, 0.000216, 0.000144, 7.692307692307694e-05, 3.294117647058824e-05, 2.090909090909091e-05, 1.1228070175438595e-05, 1.1351351351351352e-05, 5.833333333333332e-06, 4.4799999999999995e-06, 9.815950920245399e-07, 0.0
0.006643613474608524, 0.007678124771062265, 0.0036660605559646754, 0.0024457309745759045, 0.0012639620247459963, 0.0010295630140987, 0.0006007402840570033, 0.0005808614292583043, 0.00015860503004493746, 0.00015396792668922828, 6.061414087549266e-05, 8.73053390247253e-05, 4.33282048247251e-05, 4.0792156108742285e-05, 1.2871692715908856e-05, 1.371988681140071e-05, 7.385489458759964e-06, 3.4378803407483197e-06, 3.58554031389773e-06, 3.333333333333333e-06, 1.865904606350496e-06, 4.907975460122699e-07, 0.0
1866.4, 938.4, 537.0, 606.2, 305.2, 185.0, 159.0, 119.8, 91.6, 56.6, 41.6, 28.6, 16.2, 14.4, 10.0, 5.6, 4.6, 3.2, 4.2, 2.8, 2.8, 0.8, 0.0
33.218067373042636, 38.39062385531134, 18.33030277982336, 24.457309745759037, 12.639620247459968, 10.295630140987, 9.011104260855047, 11.617228585166085, 4.758150901348127, 5.388877434122992, 2.727636339397171, 5.238320341483518, 3.249615361854384, 4.079215610874228, 1.6733200530681511, 2.33238075793812, 1.624807680927192, 0.9797958971132712, 1.32664991614216, 1.6, 1.16619037896906, 0.4, 0.0
1, 2, 3, 4, 6, 8, 10, 13, 17, 23, 30, 39, 51, 66, 86, 112, 146, 190, 247, 321, 417, 542, 705, 917
1.4142135623730951, 2.449489742783178, 3.4641016151377544, 4.898979485566356, 6.928203230275509, 8.94427190999916, 11.40175425099138, 14.866068747318506, 19.77371993328519, 26.267851073127396, 34.20526275297414, 44.598206241955516, 58.01723881744115, 75.33923280734945, 98.14275317108238, 127.87493890516625, 166.55329477377504, 216.6333307688362, 281.5794736837186, 365.8647291007976, 475.4092973428265, 618.1504671194547, 804.0429093027312, 1045.4970109952492, 1359.2645070036958
0.37595999999999996, 0.18556, 0.10704, 0.06047, 0.03028, 0.01859, 0.01078, 0.0061600000000000005, 0.00312, 0.0015857142857142858, 0.0008355555555555555, 0.00049, 0.0002466666666666666, 0.000132, 6.615384615384616e-05, 3.9999999999999996e-05, 2.1363636363636362e-05, 9.12280701754386e-06, 4.594594594594595e-06, 3.541666666666666e-06, 3.3599999999999996e-06, 2.0858895705521476e-06, 1.0377358490566038e-06, 7.272727272727273e-08, 0.0
0.004608079860419093, 0.003973210288922544, 0.003933242936814356, 0.0011889491158161498, 0.0011561141812122182, 0.0007323933369440225, 0.0008370848888321379, 0.00035867812868921903, 0.00035188381921057713, 0.00021092604371761994, 6.644407283433804e-05, 7.423685817106698e-05, 2.0221001184137486e-05, 1.0295630140986993e-05, 2.2610674548767804e-05, 1.4117647058823528e-05, 5.300865358950271e-06, 3.0183597428219744e-06, 1.3781133820521042e-06, 1.4129854131510975e-06, 9.329523031752479e-07, 4.907975460122699e-07, 3.5298654592206996e-07, 1.4545454545454545e-07, 0.0
3759.6, 1855.6, 1070.4, 1209.4, 605.6, 371.8, 323.4, 246.4, 187.2, 111.0, 75.2, 58.8, 37.0, 26.4, 17.2, 13.6, 9.4, 5.2, 3.4, 3.4, 4.2, 3.4, 2.2, 0.2, 0.0
46.080798604190875, 39.73210288922548, 39.332429368143536, 23.778982316322956, 23.122283624244385, 14.647866738880444, 25.11254666496411, 14.347125147568763, 21.11302915263464, 14.7648230602334, 5.979966555090421, 8.908422980528034, 3.03315017762062, 2.0591260281974, 5.878775382679628, 4.8, 2.33238075793812, 1.7204650534085255, 1.019803902718557, 1.3564659966250538, 1.16619037896906, 0.8, 0.7483314773547882, 0.4000000000000001, 0.0
1, 2, 3, 4, 6, 8, 10, 13, 17, 23, 30, 39, 51, 66, 86, 112, 146, 190, 247, 321, 417, 542, 705, 917, 1192, 1550
1.4142135623730951, 2.449489742783178, 3.4641016151377544, 4.898979485566356, 6.928203230275509, 8.94427190999916, 11.40175425099138, 14.866068747318506, 19.77371993328519, 26.267851073127396, 34.20526275297414, 44.598206241955516, 58.01723881744115, 75.33923280734945, 98.14275317108238, 127.87493890516625, 166.55329477377504, 216.6333307688362, 281.5794736837186, 365.8647291007976, 475.4092973428265, 618.1504671194547, 804.0429093027312, 1045.4970109952492, 1359.2645070036958, 1767.2719089036639, 2297.234206605848
0.37602, 0.18589, 0.10822999999999998, 0.059435, 0.030895, 0.01814, 0.010736666666666667, 0.0062625, 0.003058333333333334, 0.0017442857142857143, 0.00083, 0.00046, 0.0002373333333333334, 0.0001285, 7.192307692307693e-05, 3.676470588235294e-05, 1.7272727272727274e-05, 1.1228070175438595e-05, 5.135135135135135e-06, 3.020833333333333e-06, 1.3600000000000001e-06, 1.3496932515337423e-06, 7.547169811320754e-07, 5.818181818181818e-07, 1.9553072625698325e-07, 2.1505376344086022e-08, 0.0
0.002932507459496066, 0.0030757763247674544, 0.0028505438077672134, 0.0009425497334358552, 0.0007715892689767003, 0.0007942921376924236, 0.0004510974272691967, 0.00019493588689617928, 0.00017709068612185996, 6.411087334947687e-05, 8.154374725292791e-05, 3.590109871423003e-05, 1.6918103387266026e-05, 1.6552945357246844e-05, 3.959857746533463e-06, 6.960093862470136e-06, 3.324713372347225e-06, 2.740438482774264e-06, 1.9395540668118007e-06, 1.1121956512532615e-06, 5.425863986500213e-07, 7.41291164024207e-07, 5.036357666052505e-07, 2.412090756622109e-07, 6.842150119506084e-08, 4.3010752688172045e-08, 0.0
7520.4, 3717.8, 2164.6, 2377.4, 1235.8, 725.6, 644.2, 501.0, 367.0, 244.2, 149.4, 110.4, 71.2, 51.4, 37.4, 25.0, 15.2, 12.8, 7.6, 5.8, 3.4, 4.4, 3.2, 3.2, 1.4, 0.2, 0.0
58.65014918992108, 61.51552649534912, 57.010876155344256, 37.70198933743417, 30.863570759068043, 31.771685507696944, 27.065845636151845, 15.594870951694341, 21.250882334623192, 8.97552226892675, 14.677874505527019, 8.616263691415206, 5.075431016179808, 6.6211781428987395, 2.0591260281974, 4.732863826479693, 2.9257477676655586, 3.1240998703626617, 2.8705400188814645, 2.1354156504062622, 1.3564659966250538, 2.4166091947189146, 2.1354156504062622, 1.32664991614216, 0.4898979485566356, 0.4000000000000001, 0.0
1, 2, 3, 4, 6, 8, 10, 13, 17, 23, 30, 39, 51, 66, 86, 112, 146, 190, 247, 321, 417, 542, 705, 917, 1192, 1550, 2015, 2619
1.4142135623730951, 2.449489742783178, 3.4641016151377544, 4.898979485566356, 6.928203230275509, 8.94427190999916, 11.40175425099138, 14.866068747318506, 19.77371993328519, 26.267851073127396, 34.20526275297414, 44.598206241955516, 58.01723881744115, 75.33923280734945, 98.14275317108238, 127.87493890516625, 166.55329477377504, 216.6333307688362, 281.5794736837186, 365.8647291007976, 475.4092973428265, 618.1504671194547, 804.0429093027312, 1045.4970109952492, 1359.2645070036958, 1767.2719089036639, 2297.234206605848, 2986.250994139642, 3882.5165807759277
0.375896, 0.1873, 0.10789200000000002, 0.059162000000000006, 0.030960000000000005, 0.017934, 0.010806666666666668, 0.006067, 0.0031873333333333337, 0.0016479999999999997, 0.000876, 0.0004843333333333333, 0.00024319999999999992, 0.00012440000000000002, 6.53846153846154e-05, 3.635294117647059e-05, 1.8727272727272724e-05, 1.0596491228070173e-05, 4.432432432432432e-06, 2.833333333333333e-06, 1.472e-06, 6.625766871165645e-07, 4.339622641509434e-07, 2.3272727272727273e-07, 2.4581005586592177e-07, 1.3763440860215053e-07, 7.284768211920529e-08, 1.5267175572519085e-08, 0.0
0.0011434264296403126, 0.0006610295000981434, 0.0009727980263137878, 0.0003864919145337987, 0.0006813809507169983, 0.00032351816023215834, 0.00020556696665023272, 0.00020446515595572742, 6.16225067108873e-05, 6.33074777154633e-05, 5.107051527901581e-05, 1.4165686240583866e-05, 2.0178756706552144e-05, 1.2784365451597501e-05, 4.985185152621431e-06, 2.7186400019509057e-06, 2.4291616756158886e-06, 9.256776111068705e-07, 1.5154427858244523e-06, 6.666666666666667e-07, 3.7042678088928717e-07, 1.9936290563523832e-07, 1.7497393387727743e-07, 8.481384574320436e-08, 9.077137882274818e-08, 5.7060211446974635e-08, 1.3245033112582783e-08, 1.2465596655385131e-08, 0.0
18794.8, 9365.0, 5394.6, 5916.2, 3096.0, 1793.4, 1621.0, 1213.4, 956.2, 576.8, 394.2, 290.6, 182.4, 124.4, 85.0, 61.8, 41.2, 30.2, 16.4, 13.6, 9.2, 5.4, 4.6, 3.2, 4.4, 3.2, 2.2, 0.6, 0.0
57.17132148201579, 33.05147500490712, 48.639901315689364, 38.64919145337972, 68.1380950716998, 32.35181602321576, 30.835044997534865, 40.89303119114551, 18.48675201326615, 22.157617200412144, 22.981731875557163, 8.499411744350311, 15.134067529914091, 12.784365451597509, 6.48074069840786, 4.621688003316537, 5.344155686354955, 2.6381811916545836, 5.607138307550475, 3.1999999999999997, 2.3151673805580453, 1.624807680927192, 1.8547236990991407, 1.16619037896906, 1.624807680927192, 1.32664991614216, 0.39999999999999997, 0.48989794855663565, 0.0
1, 2, 3, 4, 6, 8, 10, 13, 17, 23, 30, 39, 51, 66, 86, 112, 146, 190, 247, 321, 417, 542, 705, 917, 1192, 1550, 2015, 2619, 3405, 4427
1.4142135623730951, 2.449489742783178, 3.4641016151377544, 4.898979485566356, 6.928203230275509, 8.94427190999916, 11.40175425099138, 14.866068747318506, 19.77371993328519, 26.267851073127396, 34.20526275297414, 44.598206241955516, 58.01723881744115, 75.33923280734945, 98.14275317108238, 127.87493890516625, 166.55329477377504, 216.6333307688362, 281.5794736837186, 365.8647291007976, 475.4092973428265, 618.1504671194547, 804.0429093027312, 1045.4970109952492, 1359.2645070036958, 1767.2719089036639, 2297.234206605848, 2986.250994139642, 3882.5165807759277, 5047.951267593617, 6562.498914285625
0.375126, 0.18801600000000002, 0.109312, 0.059089, 0.030432999999999998, 0.017909, 0.010880666666666667, 0.0060345, 0.003166666666666666, 0.001657142857142857, 0.0008655555555555555, 0.00046499999999999997, 0.000254, 0.0001295, 6.884615384615385e-05, 3.341176470588235e-05, 1.8227272727272725e-05, 9.894736842105262e-06, 4.91891891891892e-06, 2.9791666666666664e-06, 1.3119999999999999e-06, 7.484662576687118e-07, 3.962264150943396e-07, 2.1090909090909088e-07, 1.005586592178771e-07, 9.892473118279572e-08, 4.9668874172185426e-08, 4.0712468193384224e-08, 1.7612524461839527e-08, 1.5048908954100828e-09, 0.0
0.0004956046811723916, 0.0002948626799037132, 0.0006739258119407512, 0.00037338184208662346, 0.0002555699512853577, 0.00016998235202514395, 0.0001018801038257989, 3.59652610167086e-05, 3.576155601884347e-05, 3.886134431067261e-05, 2.9954698306230387e-05, 1.4003967691733308e-05, 1.2940891262454313e-05, 2.024845673131649e-06, 7.083608881982364e-06, 3.39244020124617e-06, 1.1800686350679242e-06, 1.3156725094212404e-06, 5.57831552447305e-07, 4.197800349918726e-07, 1.6473008225579196e-07, 1.4203480862319296e-07, 1.6770178145878468e-07, 4.240692287160218e-08, 5.1807924555841925e-08, 5.015872597716388e-08, 3.311258278145695e-08, 5.08905852417303e-09, 3.913894324853228e-09, 3.0097817908201655e-09, 0.0
37512.6, 18801.6, 10931.2, 11817.8, 6086.6, 3581.8, 3264.2, 2413.8, 1900.0, 1160.0, 779.0, 558.0, 381.0, 259.0, 179.0, 113.6, 80.2, 56.4, 36.4, 28.6, 16.4, 12.2, 8.4, 5.8, 3.6, 4.6, 3.0, 3.2, 1.8, 0.2, 0.0
49.56046811724038, 29.486267990371385, 67.39258119407506, 74.67636841732464, 51.1139902570715, 33.996470405028816, 30.56403114773966, 14.386104406683554, 21.45693361130616, 27.202941017470888, 26.959228475607382, 16.804761230080004, 19.411336893681487, 4.049691346263317, 18.41738309315414, 11.534296684236972, 5.192301994298868, 7.4993333037010705, 4.127953488110059, 4.029888335921977, 2.0591260281974, 2.315167380558045, 3.555277766926235, 1.16619037896906, 1.854723699099141, 2.33238075793812, 2.0, 0.39999999999999997, 0.4000000000000001, 0.4000000000000001, 0.0
1, 2, 3, 4, 6, 8, 10, 13, 17, 23, 30, 39, 51, 66, 86, 112, 146, 190, 247, 321, 417, 542, 705, 917, 1192, 1550, 2015, 2619, 3405, 4427, 5756, 7482
