PA, 5, 3, 3, 1.3
1000.0, 2000.0, 5000.0, 10000.0, 20000.0, 50000.0, 100000.0
72.6, 103.6, 164.2, 235.8, 336.2, 545.4, 768.4
8.452218643646175, 13.690872872099865, 21.729242968865712, 32.67047596837242, 50.775584683979766, 83.51909961200492, 117.35348311831225
3.872983346207417, 5.477225575051661, 6.928203230275509, 9.38083151964686, 12.409673645990857, 15.874507866387544, 20.784609690826528, 27.27636339397171, 35.651086939951774, 46.61544808322666, 60.473134530963414, 78.80355321938218, 103.05338422390601
0.29969999999999997, 0.11019999999999999, 0.059399999999999994, 0.026066666666666665, 0.010066666666666666, 0.00605, 0.0024333333333333334, 0.0013714285714285714, 0.0005200000000000001, 0.00041666666666666664, 0.0002, 6.666666666666666e-05, 0.0
0.0054092513345194125, 0.011720068259186887, 0.004259107887809372, 0.003165087325458458, 0.0008273115763993899, 0.0009924716620639603, 0.00040276819911981923, 0.00032071349029490914, 0.00018330302779823363, 0.00017480147469502527, 4.677071733467427e-05, 5.714285714285714e-05, 0.0
599.4, 110.2, 118.8, 78.2, 30.2, 24.2, 14.6, 9.6, 5.2, 5.0, 3.2, 1.4, 0.0
10.818502669038816, 11.720068259186888, 8.518215775618742, 9.495261976375375, 2.4819347291981715, 3.9698866482558417, 2.4166091947189146, 2.244994432064365, 1.8330302779823358, 2.0976176963403033, 0.7483314773547882, 1.2, 0.0
3, 5, 6, 8, 11, 14, 18, 24, 31, 41, 53, 69, 90, 118
3.872983346207417, 5.477225575051661, 6.928203230275509, 9.38083151964686, 12.409673645990857, 15.874507866387544, 20.784609690826528, 27.27636339397171, 35.651086939951774, 46.61544808322666, 60.473134530963414, 78.80355321938218, 103.05338422390601, 134.36517405935214, 174.4906874305904
0.29619999999999996, 0.11869999999999999, 0.05995, 0.025666666666666664, 0.011433333333333334, 0.005325000000000001, 0.0024666666666666665, 0.0009999999999999998, 0.0005800000000000001, 0.00025, 0.00016875, 0.0001, 3.2142857142857144e-05, 2.8571428571428573e-06, 0.0
0.0031678068122914255, 0.004523273151159454, 0.004506661735697501, 0.0014142135623730955, 0.00038873012632302013, 0.00044440972086577944, 0.0003358240279934982, 0.00030304576336566316, 0.00018601075237738272, 0.00012638125740085918, 0.00010569709078304852, 9.523809523809528e-06, 2.0824828195876072e-05, 5.7142857142857145e-06, 0.0
1184.8, 237.4, 239.8, 154.0, 68.6, 42.6, 29.6, 14.0, 11.6, 6.0, 5.4, 4.2, 1.8, 0.2, 0.0
12.671227249165726, 9.046546302318914, 18.02664694279, 8.48528137423857, 2.33238075793812, 3.555277766926235, 4.029888335921977, 4.242640687119285, 3.720215047547655, 3.03315017762062, 3.3823069050575527, 0.39999999999999997, 1.16619037896906, 0.4, 0.0
3, 5, 6, 8, 11, 14, 18, 24, 31, 41, 53, 69, 90, 118, 153, 199
3.872983346207417, 5.477225575051661, 6.928203230275509, 9.38083151964686, 12.409673645990857, 15.874507866387544, 20.784609690826528, 27.27636339397171, 35.651086939951774, 46.61544808322666, 60.473134530963414, 78.80355321938218, 103.05338422390601, 134.36517405935214, 174.4906874305904, 227.02643017939565
0.29860000000000003, 0.1156, 0.05998, 0.025133333333333334, 0.011493333333333333, 0.0052, 0.0027866666666666665, 0.0010514285714285714, 0.00048400000000000006, 0.00022333333333333333, 0.00011749999999999998, 4.9523809523809525e-05, 4.142857142857142e-05, 1.6000000000000003e-05, 6.956521739130434e-06, 0.0
0.002133541656495128, 0.0047108385665399315, 0.001523679756379272, 0.0005734883511361771, 0.0004725345372445163, 0.000439317652729776, 0.0003116978594016254, 0.00014613384974336482, 8.616263691415203e-05, 3.590109871423002e-05, 6e-05, 1.846735183777649e-05, 2.0898198340468275e-05, 4.27617987059879e-06, 5.897678246195885e-06, 0.0
2986.0, 578.0, 599.8, 377.0, 172.4, 104.0, 83.6, 36.8, 24.2, 13.4, 9.4, 5.2, 5.8, 2.8, 1.6, 0.0
21.335416564951338, 23.55419283269966, 15.236797563792726, 8.602325267042627, 7.08801805866774, 8.78635305459552, 9.350935782048769, 5.114684741017769, 4.308131845707604, 2.1540659228538015, 4.8, 1.9390719429665315, 2.925747767665559, 0.7483314773547882, 1.3564659966250536, 0.0
3, 5, 6, 8, 11, 14, 18, 24, 31, 41, 53, 69, 90, 118, 153, 199, 259
3.872983346207417, 5.477225575051661, 6.928203230275509, 9.38083151964686, 12.409673645990857, 15.874507866387544, 20.784609690826528, 27.27636339397171, 35.651086939951774, 46.61544808322666, 60.473134530963414, 78.80355321938218, 103.05338422390601, 134.36517405935214, 174.4906874305904, 227.02643017939565, 295.43696451189044, 384.1952628547104
0.30030999999999997, 0.11298, 0.059050000000000005, 0.025333333333333336, 0.011253333333333334, 0.0057799999999999995, 0.0024466666666666664, 0.0011942857142857141, 0.0005480000000000001, 0.00020666666666666668, 0.0001075, 4.190476190476191e-05, 2.2857142857142858e-05, 1.6e-05, 9.130434782608695e-06, 2.3333333333333336e-06, 7.692307692307691e-07, 0.0
0.0015979361689379245, 0.003715050470720415, 0.001471393896956216, 0.0009449279807947743, 0.00019618585292749478, 0.000288704000665041, 0.00016779617264870976, 0.00015242261335256165, 4.308131845707604e-05, 6.236095644623235e-06, 1.14564392373896e-05, 1.6876233473018434e-05, 6.62401321106836e-06, 9.31971796017148e-06, 1.626807559466931e-06, 1.6996731711975952e-06, 1.0256410256410255e-06, 0.0
6006.2, 1129.8, 1181.0, 760.0, 337.6, 231.2, 146.8, 83.6, 54.8, 24.8, 17.2, 8.8, 6.4, 5.6, 4.2, 1.4, 0.6, 0.0
31.95872337875842, 37.150504707204185, 29.427877939124322, 28.347839423843222, 5.885575587824865, 11.54816002660164, 10.067770358922575, 10.669582934679312, 4.308131845707604, 0.7483314773547882, 1.8330302779823358, 3.54400902933387, 1.8547236990991407, 3.2619012860600183, 0.7483314773547882, 1.019803902718557, 0.7999999999999999, 0.0
3, 5, 6, 8, 11, 14, 18, 24, 31, 41, 53, 69, 90, 118, 153, 199, 259, 337, 438
3.872983346207417, 5.477225575051661, 6.928203230275509, 9.38083151964686, 12.409673645990857, 15.874507866387544, 20.784609690826528, 27.27636339397171, 35.651086939951774, 46.61544808322666, 60.473134530963414, 78.80355321938218, 103.05338422390601, 134.36517405935214, 174.4906874305904, 227.02643017939565, 295.43696451189044, 384.1952628547104, 499.65988432132514
0.29968, 0.11573, 0.059094999999999995, 0.025246666666666667, 0.010916666666666667, 0.0056575, 0.0025566666666666667, 0.0011214285714285714, 0.0005239999999999999, 0.00023666666666666665, 0.00010687500000000001, 4.857142857142857e-05, 2.035714285714285e-05, 1.057142857142857e-05, 6.08695652173913e-06, 4.666666666666667e-06, 5.128205128205128e-07, 5.940594059405942e-07, 0.0
0.0011611847398239495, 0.0014354790141273392, 0.0008828080199001361, 0.00038026306683662986, 0.00039384147967311896, 8.463155439905368e-05, 0.00014389425129432916, 7.693092581620726e-05, 5.342284155677234e-05, 1.889297341459105e-05, 1.2869537676233746e-05, 8.192690730516784e-06, 7.016743822995891e-06, 4.659858980085741e-06, 2.8840215568307823e-06, 6.666666666666665e-07, 4.796996649710181e-07, 5.773219697866635e-07, 0.0
11987.2, 2314.6, 2363.8, 1514.8, 655.0, 452.6, 306.8, 157.0, 104.8, 56.8, 34.2, 20.4, 11.4, 7.4, 5.6, 5.6, 0.8, 1.2, 0.0
46.447389592957755, 28.7095802825468, 35.312320796005466, 22.815784010197852, 23.630488780387086, 6.770524351924302, 17.267310155319503, 10.770329614269007, 10.684568311354464, 4.534313619501853, 4.1182520563948, 3.4409301068170506, 3.9293765408777004, 3.2619012860600183, 2.65329983228432, 0.7999999999999999, 0.7483314773547883, 1.1661903789690602, 0.0
3, 5, 6, 8, 11, 14, 18, 24, 31, 41, 53, 69, 90, 118, 153, 199, 259, 337, 438, 570
3.872983346207417, 5.477225575051661, 6.928203230275509, 9.38083151964686, 12.409673645990857, 15.874507866387544, 20.784609690826528, 27.27636339397171, 35.651086939951774, 46.61544808322666, 60.473134530963414, 78.80355321938218, 103.05338422390601, 134.36517405935214, 174.4906874305904, 227.02643017939565, 295.43696451189044, 384.1952628547104, 499.65988432132514, 649.8999923065087, 844.7384210511559
0.299582, 0.114316, 0.059809999999999995, 0.02542266666666667, 0.011206666666666667, 0.005373, 0.0025586666666666666, 0.001125142857142857, 0.0005184, 0.00023566666666666666, 0.00010925, 5.028571428571428e-05, 1.9428571428571427e-05, 1.0285714285714285e-05, 3.826086956521739e-06, 2.4666666666666666e-06, 1.6410256410256412e-06, 7.92079207920792e-07, 1.8181818181818183e-07, 9.35672514619883e-08, 0.0
0.00048188795378180117, 0.0007755668894428141, 0.0007050673726673229, 0.0003804932471294482, 0.0001756764703146731, 6.881860213634096e-05, 7.147960081962768e-05, 5.9285542168424894e-05, 4.3162947072691895e-05, 1.711399687065794e-05, 7.68927824961485e-06, 1.8467351837776447e-06, 3.2387954425013266e-06, 1.3030576286847293e-06, 1.2720642468111126e-06, 8.844332774281067e-07, 8.672581807839878e-07, 1.771142952475081e-07, 1.484539238050411e-07, 1.1459601135827732e-07, 0.0
29958.2, 5715.8, 5981.0, 3813.4, 1681.0, 1074.6, 767.6, 393.8, 259.2, 141.4, 87.4, 52.8, 27.2, 18.0, 8.8, 7.4, 6.4, 4.0, 1.2, 0.8, 0.0
48.18879537817894, 38.77834447214063, 70.50673726673217, 57.073987069417186, 26.351470547200964, 13.763720427268202, 21.443880245888337, 20.7499397589487, 21.58147353634594, 10.268398122394748, 6.151422599691879, 1.9390719429665317, 4.534313619501853, 2.280350850198276, 2.9257477676655586, 2.65329983228432, 3.3823069050575527, 0.8944271909999159, 0.9797958971132712, 0.9797958971132713, 0.0
3, 5, 6, 8, 11, 14, 18, 24, 31, 41, 53, 69, 90, 118, 153, 199, 259, 337, 438, 570, 741, 963
3.872983346207417, 5.477225575051661, 6.928203230275509, 9.38083151964686, 12.409673645990857, 15.874507866387544, 20.784609690826528, 27.27636339397171, 35.651086939951774, 46.61544808322666, 60.473134530963414, 78.80355321938218, 103.05338422390601, 134.36517405935214, 174.4906874305904, 227.02643017939565, 295.43696451189044, 384.1952628547104, 499.65988432132514, 649.8999923065087, 844.7384210511559, 1098.0327863957432
0.29998500000000006, 0.113918, 0.059573, 0.025412, 0.011240666666666666, 0.0055025, 0.002469, 0.0011314285714285712, 0.0005168, 0.00023933333333333331, 0.00010375, 5.133333333333333e-05, 2.207142857142857e-05, 9.028571428571428e-06, 5.0434782608695644e-06, 1.6666666666666667e-06, 1.1282051282051283e-06, 5.544554455445544e-07, 3.9393939393939396e-07, 7.017543859649122e-08, 5.4054054054054056e-08, 0.0
0.0006185224328995769, 0.0015074534818693423, 0.00022265668640308235, 0.00020816232981871608, 0.0002415450268583478, 7.938828628960305e-05, 2.262250600127611e-05, 2.3955741504290945e-05, 8.863407922464145e-06, 1.0033277962194948e-05, 2.7386127875258303e-06, 4.056293226485114e-06, 1.4880476182856895e-06, 7.79324668399192e-07, 7.064381221422574e-07, 4.594682917363408e-07, 4.5436013196588093e-07, 2.9768903719550316e-07, 5.6691778587483964e-08, 4.3762074699110424e-08, 5.2531098151759466e-08, 0.0
59997.0, 11391.8, 11914.6, 7623.6, 3372.2, 2201.0, 1481.4, 792.0, 516.8, 287.2, 166.0, 107.8, 61.8, 31.6, 23.2, 10.0, 8.8, 5.6, 5.2, 1.2, 1.2, 0.0
123.7044865799135, 150.7453481869341, 44.53133728061622, 62.44869894561455, 72.46350805750437, 31.75531451584128, 13.573503600765722, 16.769019053003667, 8.863407922464136, 12.039933554633928, 4.381780460041329, 8.51821577561874, 4.166533331199932, 2.727636339397171, 3.249615361854384, 2.756809750418044, 3.54400902933387, 3.006659275674582, 0.7483314773547882, 0.7483314773547883, 1.1661903789690602, 0.0
3, 5, 6, 8, 11, 14, 18, 24, 31, 41, 53, 69, 90, 118, 153, 199, 259, 337, 438, 570, 741, 963, 1252
