RA_PA, 5, 3, 1, 1.3
1000.0, 2000.0, 5000.0, 10000.0, 20000.0, 50000.0, 100000.0
212.8, 331.8, 614.4, 982.6, 1554.6, 2819.0, 4451.6
14.878171930717834, 23.54909764725604, 45.8501908392975, 74.51335450776592, 115.08883525346843, 198.91807358809808, 315.3795174072026
1.4142135623730951, 2.449489742783178, 3.4641016151377544, 4.898979485566356, 6.928203230275509, 8.94427190999916, 11.40175425099138, 14.866068747318506, 19.77371993328519, 26.267851073127396, 34.20526275297414, 44.598206241955516, 58.01723881744115, 75.33923280734945, 98.14275317108238, 127.87493890516625, 166.55329477377504, 216.6333307688362, 281.5794736837186
0.38120000000000004, 0.1842, 0.1022, 0.061399999999999996, 0.026600000000000002, 0.019, 0.0114, 0.006500000000000001, 0.0028333333333333335, 0.0015714285714285713, 0.0009555555555555556, 0.0004666666666666667, 0.00024000000000000003, 0.00017999999999999998, 4.615384615384616e-05, 8.823529411764706e-05, 4.999999999999999e-05, 4.210526315789473e-05, 0.0
0.012172099243762363, 0.008749857141690952, 0.007386474125047756, 0.00474763098818769, 0.002374868417407583, 0.001816590212458494, 0.0016786237749352232, 0.0009082951062292477, 0.0004944132324730441, 0.00023904572186687862, 0.0004309048762147848, 0.00025055493963954846, 9.043106644167023e-05, 6.782329983125269e-05, 2.878197989826109e-05, 6.169463812765598e-05, 3.3402132856134246e-05, 1.4035087719298244e-05, 0.0
381.2, 184.2, 102.2, 122.8, 53.2, 38.0, 34.2, 26.0, 17.0, 11.0, 8.6, 5.6, 3.6, 3.6, 1.2, 3.0, 2.2, 2.4, 0.0
12.172099243762352, 8.749857141690944, 7.386474125047755, 9.495261976375375, 4.749736834815167, 3.63318042491699, 5.035871324805669, 3.63318042491699, 2.9664793948382653, 1.6733200530681511, 3.8781438859330635, 3.0066592756745814, 1.3564659966250536, 1.3564659966250536, 0.7483314773547883, 2.0976176963403033, 1.469693845669907, 0.8, 0.0
1, 2, 3, 4, 6, 8, 10, 13, 17, 23, 30, 39, 51, 66, 86, 112, 146, 190, 247, 321
1.4142135623730951, 2.449489742783178, 3.4641016151377544, 4.898979485566356, 6.928203230275509, 8.94427190999916, 11.40175425099138, 14.866068747318506, 19.77371993328519, 26.267851073127396, 34.20526275297414, 44.598206241955516, 58.01723881744115, 75.33923280734945, 98.14275317108238, 127.87493890516625, 166.55329477377504, 216.6333307688362, 281.5794736837186, 365.8647291007976, 475.4092973428265
0.3746, 0.1879, 0.10669999999999999, 0.0586, 0.03155, 0.018400000000000003, 0.010633333333333333, 0.0056500000000000005, 0.0034166666666666672, 0.0017857142857142857, 0.0007555555555555555, 0.00041666666666666664, 0.0002666666666666666, 0.000125, 8.846153846153848e-05, 4.117647058823529e-05, 2.0454545454545454e-05, 2.2807017543859645e-05, 1.756756756756757e-05, 7.2916666666666674e-06, 0.0
0.0062080592780675075, 0.005825804665451809, 0.004388621651498338, 0.0026673957336698266, 0.002176005514698895, 0.0013190905958272916, 0.001175679472569893, 0.0008116341540373963, 0.0004944132324730441, 0.00034106675389466626, 0.00014315665251916803, 3.726779962499649e-05, 8.692269873603529e-05, 7.58287544405155e-05, 2.8781979898261096e-05, 2.1613144789263337e-05, 2.530801983104555e-05, 1.7189401703741598e-05, 1.1780807955515335e-05, 7.795119555779045e-06, 0.0
749.2, 375.8, 213.4, 234.4, 126.2, 73.6, 63.8, 45.2, 41.0, 25.0, 13.6, 10.0, 8.0, 5.0, 4.6, 2.8, 1.8, 2.6, 2.6, 1.4, 0.0
12.416118556135006, 11.651609330903607, 8.777243302996677, 10.669582934679312, 8.704022058795577, 5.276362383309167, 7.054076835419359, 6.49307323229917, 5.932958789676531, 4.774934554525329, 2.5768197453450252, 0.8944271909999159, 2.6076809620810595, 3.03315017762062, 1.4966629547095764, 1.469693845669907, 2.227105745132009, 1.9595917942265424, 1.7435595774162693, 1.4966629547095764, 0.0
1, 2, 3, 4, 6, 8, 10, 13, 17, 23, 30, 39, 51, 66, 86, 112, 146, 190, 247, 321, 417, 542
1.4142135623730951, 2.449489742783178, 3.4641016151377544, 4.898979485566356, 6.928203230275509, 8.94427190999916, 11.40175425099138, 14.866068747318506, 19.77371993328519, 26.267851073127396, 34.20526275297414, 44.598206241955516, 58.01723881744115, 75.33923280734945, 98.14275317108238, 127.87493890516625, 166.55329477377504, 216.6333307688362, 281.5794736837186, 365.8647291007976, 475.4092973428265, 618.1504671194547, 804.0429093027312
0.37504, 0.18444, 0.10935999999999998, 0.0602, 0.03064, 0.01888, 0.010506666666666668, 0.00599, 0.00318, 0.0016400000000000002, 0.0008177777777777777, 0.0004733333333333333, 0.00026933333333333334, 9.6e-05, 6.923076923076924e-05, 4.117647058823529e-05, 2.3636363636363637e-05, 1.1228070175438595e-05, 3.7837837837837844e-06, 5.833333333333333e-06, 3.84e-06, 2.9447852760736196e-06, 0.0
0.004239622624715555, 0.003145536520213996, 0.004587635556580316, 0.0025003999680051204, 0.0008163332652783411, 0.0009260669522232184, 0.0009107750057566973, 0.00034842502780368684, 0.0003416300793418387, 0.0001359471686099465, 5.1448164012400964e-05, 3.741657386773938e-05, 2.9694743268426784e-05, 1.2000000000000004e-05, 2.6646935501059653e-05, 1.341382853057809e-05, 9.706434774573919e-06, 5.614035087719298e-06, 2.7562267641042084e-06, 4.039733214513608e-06, 2.5996922894835073e-06, 9.815950920245399e-07, 0.0
1875.2, 922.2, 546.8, 602.0, 306.4, 188.8, 157.6, 119.8, 95.4, 57.4, 36.8, 28.4, 20.2, 9.6, 9.0, 7.0, 5.2, 3.2, 1.4, 2.8, 2.4, 2.4, 0.0
21.198113123577766, 15.727682601069999, 22.938177782901587, 25.00399968005119, 8.16333265278342, 9.260669522232181, 13.661625086350453, 6.968500556073739, 10.248902380255165, 4.758150901348127, 2.3151673805580453, 2.244994432064365, 2.227105745132009, 1.2, 3.4641016151377544, 2.280350850198276, 2.1354156504062622, 1.6, 1.019803902718557, 1.9390719429665317, 1.624807680927192, 0.8, 0.0
1, 2, 3, 4, 6, 8, 10, 13, 17, 23, 30, 39, 51, 66, 86, 112, 146, 190, 247, 321, 417, 542, 705, 917
1.4142135623730951, 2.449489742783178, 3.4641016151377544, 4.898979485566356, 6.928203230275509, 8.94427190999916, 11.40175425099138, 14.866068747318506, 19.77371993328519, 26.267851073127396, 34.20526275297414, 44.598206241955516, 58.01723881744115, 75.33923280734945, 98.14275317108238, 127.87493890516625, 166.55329477377504, 216.6333307688362, 281.5794736837186, 365.8647291007976, 475.4092973428265, 618.1504671194547, 804.0429093027312, 1045.4970109952492, 1359.2645070036958
0.37614000000000003, 0.18582, 0.10968, 0.05888, 0.030309999999999997, 0.018709999999999997, 0.011066666666666666, 0.005885, 0.0031400000000000004, 0.0016114285714285714, 0.0008822222222222223, 0.00046166666666666665, 0.00022799999999999999, 0.000154, 5.846153846153847e-05, 3.4117647058823526e-05, 1.6363636363636363e-05, 1.263157894736842e-05, 6.486486486486487e-06, 2.708333333333333e-06, 1.44e-06, 1.5950920245398773e-06, 1.4150943396226415e-06, 4.363636363636364e-07, 0.0
0.0022764885240211525, 0.0009785703858180047, 0.0030373672810511385, 0.0016527552752903252, 0.0009107140056021971, 0.0009733447487915066, 0.0008440642418942076, 0.00017291616465790605, 0.000136463263269725, 0.00015183234577813049, 9.070369614203798e-05, 3.3582402799349815e-05, 2.612789058968722e-05, 3.7416573867739483e-06, 1.2015768732164085e-05, 4.778846120374096e-06, 5.995866344669508e-06, 5.5920622633365705e-06, 2.324952774876386e-06, 1.5590239111558088e-06, 1.28e-06, 8.321877279908307e-07, 7.893019118245995e-07, 4.240692287160219e-07, 0.0
3761.4, 1858.2, 1096.8, 1177.6, 606.2, 374.2, 332.0, 235.4, 188.4, 112.8, 79.4, 55.4, 34.2, 30.8, 15.2, 11.6, 7.2, 7.2, 4.8, 2.6, 1.8, 2.6, 3.0, 1.2, 0.0
22.764885240211512, 9.785703858180055, 30.373672810511408, 33.05510550580651, 18.214280112043955, 19.466894975830122, 25.321927256826246, 6.916646586316233, 8.187795796183488, 10.628264204469138, 8.16333265278342, 4.029888335921977, 3.919183588453085, 0.7483314773547882, 3.1240998703626617, 1.624807680927192, 2.6381811916545836, 3.1874754901018454, 1.7204650534085253, 1.4966629547095764, 1.6, 1.3564659966250536, 1.6733200530681511, 1.16619037896906, 0.0
1, 2, 3, 4, 6, 8, 10, 13, 17, 23, 30, 39, 51, 66, 86, 112, 146, 190, 247, 321, 417, 542, 705, 917, 1192, 1550
1.4142135623730951, 2.449489742783178, 3.4641016151377544, 4.898979485566356, 6.928203230275509, 8.94427190999916, 11.40175425099138, 14.866068747318506, 19.77371993328519, 26.267851073127396, 34.20526275297414, 44.598206241955516, 58.01723881744115, 75.33923280734945, 98.14275317108238, 127.87493890516625, 166.55329477377504, 216.6333307688362, 281.5794736837186, 365.8647291007976, 475.4092973428265, 618.1504671194547, 804.0429093027312, 1045.4970109952492, 1359.2645070036958, 1767.2719089036639, 2297.234206605848
0.37366, 0.18752, 0.11023000000000001, 0.059535000000000005, 0.03028, 0.018164999999999997, 0.0108, 0.0060875, 0.0032133333333333332, 0.0015928571428571428, 0.0008855555555555554, 0.0004583333333333333, 0.0002453333333333334, 0.00012849999999999998, 6.692307692307691e-05, 3.9117647058823526e-05, 1.6136363636363635e-05, 9.824561403508772e-06, 4.594594594594596e-06, 3.125e-06, 1.8399999999999997e-06, 7.361963190184049e-07, 4.245283018867925e-07, 4.363636363636364e-07, 3.910614525139665e-07, 1.0752688172043011e-07, 0.0
0.0023948695162784982, 0.002695848660440718, 0.0013459569086712987, 0.0008737276463521111, 0.00038059164467970085, 0.000511272921246569, 8.628119403696524e-05, 0.0003307189138830737, 0.0002453229164455153, 4.780914437337581e-05, 5.584369721390694e-05, 4.0909792362111875e-05, 9.0921211313239e-06, 8.154753215150043e-06, 6.705998374677968e-06, 3.1677440041967667e-06, 4.215281134316228e-06, 2.1771357273668165e-06, 8.963850784744325e-07, 1.0925092168439077e-06, 3.1999999999999995e-07, 3.128232830425021e-07, 4.3231846178828684e-07, 1.4545454545454545e-07, 2.0526450358518253e-07, 1.1778979731293895e-07, 0.0
7473.2, 3750.4, 2204.6, 2381.4, 1211.2, 726.6, 648.0, 487.0, 385.6, 223.0, 159.4, 110.0, 73.6, 51.4, 34.8, 26.6, 14.2, 11.2, 6.8, 6.0, 4.6, 2.4, 1.8, 2.4, 2.8, 1.0, 0.0
47.89739032556992, 53.91697320881431, 26.919138173425978, 34.94910585408445, 15.223665787188052, 20.450916849862747, 5.176871642217914, 26.457513110645905, 29.43874997346185, 6.6932802122726045, 10.05186549850325, 9.818350166906862, 2.727636339397171, 3.261901286060018, 3.4871191548325386, 2.154065922853802, 3.7094473981982814, 2.481934729198171, 1.32664991614216, 2.0976176963403033, 0.7999999999999999, 1.019803902718557, 1.8330302779823362, 0.8, 1.469693845669907, 1.0954451150103321, 0.0
1, 2, 3, 4, 6, 8, 10, 13, 17, 23, 30, 39, 51, 66, 86, 112, 146, 190, 247, 321, 417, 542, 705, 917, 1192, 1550, 2015, 2619
1.4142135623730951, 2.449489742783178, 3.4641016151377544, 4.898979485566356, 6.928203230275509, 8.94427190999916, 11.40175425099138, 14.866068747318506, 19.77371993328519, 26.267851073127396, 34.20526275297414, 44.598206241955516, 58.01723881744115, 75.33923280734945, 98.14275317108238, 127.87493890516625, 166.55329477377504, 216.6333307688362, 281.5794736837186, 365.8647291007976, 475.4092973428265, 618.1504671194547, 804.0429093027312, 1045.4970109952492, 1359.2645070036958, 1767.2719089036639, 2297.234206605848, 2986.250994139642, 3882.5165807759277
0.376116, 0.18566, 0.110092, 0.059179999999999996, 0.030372, 0.018324, 0.010850666666666666, 0.005972, 0.003166666666666667, 0.001641142857142857, 0.0009044444444444445, 0.0004613333333333333, 0.00024053333333333332, 0.00012900000000000005, 6.953846153846154e-05, 3.4117647058823526e-05, 1.827272727272727e-05, 1.024561403508772e-05, 4.864864864864866e-06, 2.4999999999999998e-06, 1.4080000000000001e-06, 7.361963190184049e-07, 4.528301886792453e-07, 2.4727272727272725e-07, 1.005586592178771e-07, 9.46236559139785e-08, 1.0596026490066225e-07, 3.56234096692112e-08, 0.0
0.0011724436020551312, 0.0011554393103923731, 0.0012489099246943314, 0.00026290682760247915, 0.00023810921863716262, 0.0004456276472572135, 0.000151472769830092, 0.00012843675486401852, 5.5976185412488654e-05, 5.7444915939941495e-05, 5.417848873838499e-05, 2.9709706606876245e-05, 1.1672569935060934e-05, 7.071067811865464e-06, 4.367713712793353e-06, 4.601789933084225e-06, 2.139745871989058e-06, 1.1826175120247528e-06, 1.2444177765644685e-06, 3.486083443891981e-07, 3.563369192211213e-07, 3.104076230840127e-07, 2.0145430664210023e-07, 1.3488899629811933e-07, 8.93854748603352e-08, 5.0158725977163884e-08, 4.8665359128142616e-08, 2.5949208720573972e-08, 0.0
18805.8, 9283.0, 5504.6, 5918.0, 3037.2, 1832.4, 1627.6, 1194.4, 950.0, 574.4, 407.0, 276.8, 180.4, 129.0, 90.4, 58.0, 40.2, 29.2, 18.0, 12.0, 8.8, 6.0, 4.8, 3.4, 1.8, 2.2, 3.2, 1.4, 0.0
58.62218010275633, 57.7719655196186, 62.44549623471656, 26.290682760247975, 23.81092186371624, 44.56276472572141, 22.720915474513784, 25.687350972803713, 16.792855623746664, 20.105720578979508, 24.380319932273242, 17.825823964125757, 8.754427451295717, 7.0710678118654755, 5.6780278266313555, 7.8230428862431785, 4.707440918375928, 3.370459909270543, 4.604345773288535, 1.6733200530681511, 2.2271057451320084, 2.5298221281347035, 2.1354156504062622, 1.8547236990991407, 1.6, 1.16619037896906, 1.469693845669907, 1.019803902718557, 0.0
1, 2, 3, 4, 6, 8, 10, 13, 17, 23, 30, 39, 51, 66, 86, 112, 146, 190, 247, 321, 417, 542, 705, 917, 1192, 1550, 2015, 2619, 3405, 4427
1.4142135623730951, 2.449489742783178, 3.4641016151377544, 4.898979485566356, 6.928203230275509, 8.94427190999916, 11.40175425099138, 14.866068747318506, 19.77371993328519, 26.267851073127396, 34.20526275297414, 44.598206241955516, 58.01723881744115, 75.33923280734945, 98.14275317108238, 127.87493890516625, 166.55329477377504, 216.6333307688362, 281.5794736837186, 365.8647291007976, 475.4092973428265, 618.1504671194547, 804.0429093027312, 1045.4970109952492, 1359.2645070036958, 1767.2719089036639, 2297.234206605848, 2986.250994139642, 3882.5165807759277, 5047.951267593617, 6562.498914285625
0.37495, 0.186704, 0.109762, 0.059739999999999994, 0.030453, 0.017881, 0.010824666666666666, 0.005994500000000001, 0.0032350000000000005, 0.0016191428571428572, 0.0008633333333333334, 0.0004648333333333333, 0.00025066666666666667, 0.0001314, 6.669230769230769e-05, 3.6294117647058824e-05, 1.8363636363636364e-05, 8.736842105263157e-06, 5.513513513513515e-06, 2.708333333333333e-06, 1.2160000000000003e-06, 7.116564417177914e-07, 3.679245283018868e-07, 2.1090909090909093e-07, 1.3966480446927373e-07, 6.021505376344086e-08, 2.6490066225165563e-08, 3.053435114503817e-08, 2.7397260273972602e-08, 9.029345372460496e-09, 0.0
0.0011092159393012737, 0.0009285817142287494, 0.000603900654081446, 0.00040578319334344065, 0.0001873659520830824, 0.00019736767719158004, 8.04874041215289e-05, 0.00011335122407808377, 3.784471194529334e-05, 3.8349626824142784e-05, 2.2705848487901854e-05, 6.920179830675569e-06, 1.2557423656502516e-05, 6.598484674529444e-06, 5.012410633121512e-06, 7.578881603955968e-07, 1.3047909176733916e-06, 8.258668277852509e-07, 8.081035885257327e-07, 2.63523138347365e-07, 3.135346870762468e-07, 9.968145281761912e-08, 5.5008980140050016e-08, 8.727272727272726e-08, 3.0599025558947837e-08, 3.160631926171843e-08, 3.7168781987820616e-08, 2.3596993627215533e-08, 1.5655577299412917e-08, 8.774946418126863e-09, 0.0
37495.0, 18670.4, 10976.2, 11948.0, 6090.6, 3576.2, 3247.4, 2397.8, 1941.0, 1133.4, 777.0, 557.8, 376.0, 262.8, 173.4, 123.4, 80.8, 49.8, 40.8, 26.0, 15.2, 11.6, 7.8, 5.8, 5.0, 2.8, 1.6, 2.4, 2.8, 1.2, 0.0
110.92159393012706, 92.85817142287479, 60.39006540814474, 81.15663866868809, 37.47319041661652, 39.47353543831614, 24.146221236458512, 45.34048963123358, 22.706827167175955, 26.844738776900027, 20.43526363911168, 8.304215796810679, 18.83613548475377, 13.196969349058898, 13.032267646115928, 2.576819745345025, 5.74108003776293, 4.707440918375928, 5.979966555090421, 2.5298221281347035, 3.919183588453085, 1.624807680927192, 1.16619037896906, 2.4, 1.0954451150103321, 1.469693845669907, 2.244994432064365, 1.8547236990991407, 1.6, 1.16619037896906, 0.0
1, 2, 3, 4, 6, 8, 10, 13, 17, 23, 30, 39, 51, 66, 86, 112, 146, 190, 247, 321, 417, 542, 705, 917, 1192, 1550, 2015, 2619, 3405, 4427, 5756, 7482
