PA, 5, 3, 3, 1.3
1000.0, 2000.0, 5000.0, 10000.0, 20000.0, 50000.0, 100000.0
88.0, 125.0, 201.2, 280.8, 399.2, 624.2, 871.8
12.569805089976535, 15.84929020492716, 26.70880004792428, 38.597409239481344, 50.21314568915196, 58.19759445200463, 82.7777747949291
3.872983346207417, 5.477225575051661, 6.928203230275509, 9.38083151964686, 12.409673645990857, 15.874507866387544, 20.784609690826528, 27.27636339397171, 35.651086939951774, 46.61544808322666, 60.473134530963414, 78.80355321938218, 103.05338422390601, 134.36517405935214
0.299, 0.11339999999999999, 0.05639999999999999, 0.026533333333333332, 0.012133333333333335, 0.00545, 0.0022333333333333333, 0.0014285714285714284, 0.0007000000000000001, 0.00036666666666666667, 0.0001, 5.7142857142857135e-05, 1.4285714285714284e-05, 0.0
0.004358898943540678, 0.014813507349712967, 0.005721887800367987, 0.0041825032376954984, 0.001571976816340213, 0.0007648529270389175, 0.0005537749241945385, 0.0002555506259999759, 0.00026076809620810597, 8.498365855987971e-05, 6.373774391990981e-05, 3.563483225498992e-05, 1.7496355305594127e-05, 0.0
598.0, 113.4, 112.8, 79.6, 36.4, 21.8, 13.4, 10.0, 7.0, 4.4, 1.6, 1.2, 0.4, 0.0
8.717797887081348, 14.813507349712964, 11.443775600735973, 12.547509713086498, 4.715930449020639, 3.059411708155671, 3.32264954516723, 1.7888543819998317, 2.6076809620810595, 1.0198039027185568, 1.019803902718557, 0.7483314773547883, 0.48989794855663565, 0.0
3, 5, 6, 8, 11, 14, 18, 24, 31, 41, 53, 69, 90, 118, 153
3.872983346207417, 5.477225575051661, 6.928203230275509, 9.38083151964686, 12.409673645990857, 15.874507866387544, 20.784609690826528, 27.27636339397171, 35.651086939951774, 46.61544808322666, 60.473134530963414, 78.80355321938218, 103.05338422390601, 134.36517405935214, 174.4906874305904, 227.02643017939565
0.29995000000000005, 0.11179999999999998, 0.060250000000000005, 0.024233333333333332, 0.011033333333333334, 0.0063750000000000005, 0.0023500000000000005, 0.0011857142857142854, 0.0005300000000000001, 0.00036666666666666667, 0.000125, 7.619047619047617e-05, 1.4285714285714284e-05, 8.571428571428571e-06, 2.1739130434782607e-06, 0.0
0.004459260028300657, 0.009657121724406298, 0.0034095454242464647, 0.0010088497300281035, 0.0013678856352455475, 0.0010216408370851274, 0.00042946995755750435, 0.0004393873285494199, 0.000196468827043885, 0.00011303883305208783, 4.419417382415922e-05, 4.096345365258393e-05, 1.3363062095621218e-05, 1.1428571428571427e-05, 4.347826086956521e-06, 0.0
1199.8, 223.6, 241.0, 145.4, 66.2, 51.0, 28.2, 16.6, 10.6, 8.8, 4.0, 3.2, 0.8, 0.6, 0.2, 0.0
17.837040113202637, 19.314243448812586, 13.638181696985855, 6.053098380168622, 8.207313811473275, 8.17312669668102, 5.1536394906900505, 6.151422599691879, 3.9293765408777, 2.7129319932501073, 1.4142135623730951, 1.7204650534085255, 0.7483314773547883, 0.7999999999999999, 0.4000000000000001, 0.0
3, 5, 6, 8, 11, 14, 18, 24, 31, 41, 53, 69, 90, 118, 153, 199, 259
3.872983346207417, 5.477225575051661, 6.928203230275509, 9.38083151964686, 12.409673645990857, 15.874507866387544, 20.784609690826528, 27.27636339397171, 35.651086939951774, 46.61544808322666, 60.473134530963414, 78.80355321938218, 103.05338422390601, 134.36517405935214, 174.4906874305904, 227.02643017939565, 295.43696451189044
0.30012, 0.11324000000000001, 0.05958, 0.024653333333333333, 0.011626666666666665, 0.005599999999999999, 0.0024999999999999996, 0.00116, 0.000528, 0.0002133333333333333, 0.00014000000000000001, 6.095238095238095e-05, 3.0000000000000004e-05, 1.3714285714285714e-05, 5.217391304347826e-06, 1.3333333333333334e-06, 0.0
0.0035941062866865856, 0.003510897321198672, 0.0018269099594670794, 0.0012460782925286463, 0.0004414118761932496, 0.0004919349550499537, 0.00018737959096740256, 0.00014523731459587246, 8.908422980528033e-05, 5.0990195135927834e-05, 1.2247448713915886e-05, 2.5269522212231616e-05, 2.8571428571428556e-06, 6.857142857142857e-06, 1.7391304347826088e-06, 1.632993161855452e-06, 0.0
3001.2, 566.2, 595.8, 369.8, 174.4, 112.0, 75.0, 40.6, 26.4, 12.8, 11.2, 6.4, 4.2, 2.4, 1.2, 0.4, 0.0
35.941062866865806, 17.55448660599335, 18.269099594670777, 18.69117438792972, 6.6211781428987395, 9.838699100999074, 5.621387729022079, 5.083306010855534, 4.454211490264018, 3.059411708155671, 0.9797958971132712, 2.65329983228432, 0.39999999999999997, 1.2000000000000002, 0.4, 0.48989794855663565, 0.0
3, 5, 6, 8, 11, 14, 18, 24, 31, 41, 53, 69, 90, 118, 153, 199, 259, 337
3.872983346207417, 5.477225575051661, 6.928203230275509, 9.38083151964686, 12.409673645990857, 15.874507866387544, 20.784609690826528, 27.27636339397171, 35.651086939951774, 46.61544808322666, 60.473134530963414, 78.80355321938218, 103.05338422390601, 134.36517405935214, 174.4906874305904, 227.02643017939565, 295.43696451189044, 384.1952628547104, 499.65988432132514
0.29976, 0.11413999999999999, 0.0588, 0.025766666666666667, 0.011433333333333334, 0.005335, 0.002486666666666667, 0.0011799999999999998, 0.000544, 0.00021333333333333333, 0.00010874999999999999, 5.714285714285715e-05, 2.571428571428571e-05, 1.2571428571428572e-05, 7.391304347826086e-06, 2e-06, 5.128205128205128e-07, 1.9801980198019803e-07, 0.0
0.000862786184404918, 0.002934348309250283, 0.0014781745499094477, 0.0002241031508529544, 0.0005295700562196133, 0.00038, 8.055363982396364e-05, 0.0001127033309903772, 4.7159304490206385e-05, 3.5197853469904804e-05, 2.7556759606310752e-05, 3.011693009684174e-06, 9.948848769417226e-06, 5.883217223421143e-06, 2.9488391230979426e-06, 1.247219128924647e-06, 6.280742930213276e-07, 3.96039603960396e-07, 0.0
5995.2, 1141.4, 1176.0, 773.0, 343.0, 213.4, 149.2, 82.6, 54.4, 25.6, 17.4, 12.0, 7.2, 4.4, 3.4, 1.2, 0.4, 0.2, 0.0
17.255723688098396, 29.34348309250284, 29.563490998188964, 6.723094525588644, 15.8871016865884, 15.200000000000001, 4.833218389437828, 7.889233169326408, 4.715930449020639, 4.223742416388575, 4.409081537009721, 0.6324555320336759, 2.785677655436824, 2.0591260281974, 1.3564659966250538, 0.7483314773547883, 0.48989794855663565, 0.4000000000000001, 0.0
3, 5, 6, 8, 11, 14, 18, 24, 31, 41, 53, 69, 90, 118, 153, 199, 259, 337, 438, 570
3.872983346207417, 5.477225575051661, 6.928203230275509, 9.38083151964686, 12.409673645990857, 15.874507866387544, 20.784609690826528, 27.27636339397171, 35.651086939951774, 46.61544808322666, 60.473134530963414, 78.80355321938218, 103.05338422390601, 134.36517405935214, 174.4906874305904, 227.02643017939565, 295.43696451189044, 384.1952628547104, 499.65988432132514, 649.8999923065087
0.299715, 0.11403, 0.059629999999999996, 0.025176666666666663, 0.011256666666666665, 0.00557, 0.0025633333333333333, 0.0011014285714285716, 0.0005300000000000001, 0.00024083333333333335, 0.000111875, 4.476190476190476e-05, 2.535714285714285e-05, 1.2285714285714284e-05, 5.434782608695652e-06, 2.8333333333333335e-06, 7.692307692307691e-07, 5.940594059405941e-07, 7.575757575757576e-08, 0.0
0.0009185042188253633, 0.0021616197630480714, 0.000894063756115861, 0.0005742241142039705, 0.00021463146709340292, 0.00022410934831014977, 0.00017148048155855982, 4.2952275366779785e-05, 3.5637059362410906e-05, 2.226731535981231e-05, 6.37377439199098e-06, 1.254470464030428e-05, 7.1784825865149225e-06, 5.314592925068078e-06, 2.572208601347659e-06, 8.498365855987975e-07, 4.796996649710181e-07, 1.9801980198019806e-07, 1.5151515151515152e-07, 0.0
11988.6, 2280.6, 2385.2, 1510.6, 675.4, 445.6, 307.6, 154.2, 106.0, 57.8, 35.8, 18.8, 14.2, 8.6, 5.0, 3.4, 1.2, 1.2, 0.2, 0.0
36.740168753014736, 43.232395260961425, 35.7625502446344, 34.453446852238166, 12.877888025604198, 17.928747864811978, 20.57765778702717, 6.013318551349163, 7.127411872482185, 5.344155686354955, 2.039607805437114, 5.2687759489277965, 4.019950248448357, 3.7202150475476548, 2.3664319132398464, 1.019803902718557, 0.7483314773547883, 0.4000000000000001, 0.4000000000000001, 0.0
3, 5, 6, 8, 11, 14, 18, 24, 31, 41, 53, 69, 90, 118, 153, 199, 259, 337, 438, 570, 741
3.872983346207417, 5.477225575051661, 6.928203230275509, 9.38083151964686, 12.409673645990857, 15.874507866387544, 20.784609690826528, 27.27636339397171, 35.651086939951774, 46.61544808322666, 60.473134530963414, 78.80355321938218, 103.05338422390601, 134.36517405935214, 174.4906874305904, 227.02643017939565, 295.43696451189044, 384.1952628547104, 499.65988432132514, 649.8999923065087, 844.7384210511559
0.300286, 0.113964, 0.059544, 0.025106666666666666, 0.011156, 0.005532, 0.0025440000000000003, 0.0011268571428571428, 0.0005139999999999999, 0.00022966666666666665, 0.00011724999999999999, 4.761904761904761e-05, 2.228571428571429e-05, 8.685714285714287e-06, 5.999999999999999e-06, 2.3333333333333336e-06, 1.1282051282051283e-06, 6.732673267326734e-07, 1.5151515151515152e-07, 9.35672514619883e-08, 0.0
0.0006541437150963006, 0.0013001169178193162, 0.0006687779900684518, 0.00021090282122342483, 0.00013443544506151926, 0.00010399999999999987, 6.98697200350608e-05, 4.384015492300939e-05, 2.7885480092693388e-05, 1.6911534525287776e-05, 5.024937810560448e-06, 2.8887144548767796e-06, 4.271404682207447e-06, 1.8917651836853537e-06, 1.6128032166079484e-06, 8.692269873603533e-07, 3.837597319768145e-07, 2.0194136687496182e-07, 1.3551927136362364e-07, 4.678362573099415e-08, 0.0
30028.6, 5698.2, 5954.4, 3766.0, 1673.4, 1106.4, 763.2, 394.4, 257.0, 137.8, 93.8, 50.0, 31.2, 15.2, 13.8, 7.0, 4.4, 3.4, 1.0, 0.8, 0.0
65.41437150963083, 65.00584589096584, 66.87779900684532, 31.635423183513762, 20.16531675922796, 20.8, 20.960916010518243, 15.344054223053305, 13.942740046346701, 10.146920715172657, 4.019950248448357, 3.03315017762062, 5.979966555090422, 3.3105890714493698, 3.709447398198282, 2.6076809620810595, 1.4966629547095764, 1.019803902718557, 0.8944271909999159, 0.4, 0.0
3, 5, 6, 8, 11, 14, 18, 24, 31, 41, 53, 69, 90, 118, 153, 199, 259, 337, 438, 570, 741, 963
3.872983346207417, 5.477225575051661, 6.928203230275509, 9.38083151964686, 12.409673645990857, 15.874507866387544, 20.784609690826528, 27.27636339397171, 35.651086939951774, 46.61544808322666, 60.473134530963414, 78.80355321938218, 103.05338422390601, 134.36517405935214, 174.4906874305904, 227.02643017939565, 295.43696451189044, 384.1952628547104, 499.65988432132514, 649.8999923065087, 844.7384210511559, 1098.0327863957432, 1427.6750330519897
0.299868, 0.11479999999999999, 0.05958599999999999, 0.025122, 0.011271333333333333, 0.0055025, 0.0024773333333333336, 0.00114, 0.0005189999999999999, 0.00022850000000000002, 0.00010824999999999999, 5.1619047619047616e-05, 2.2571428571428567e-05, 9.714285714285713e-06, 4.260869565217391e-06, 2.266666666666667e-06, 1.1282051282051283e-06, 4.7524752475247526e-07, 3.3333333333333335e-07, 5.8479532163742687e-08, 6.306306306306305e-08, 6.920415224913496e-09, 0.0
0.00047335610273872446, 0.0005489262245511676, 0.0004729947145582093, 0.00024758029000710027, 9.685269456470721e-05, 4.519402615390668e-05, 4.724169533132551e-05, 2.2260058492322863e-05, 1.025670512396644e-05, 6.2227182341981596e-06, 7.556040629853704e-06, 2.7038227745863625e-06, 2.1476137683389868e-06, 1.937808566607219e-06, 1.0703072717470582e-06, 6.716480559869961e-07, 4.1661735408389535e-07, 1.9198732108579524e-07, 6.060606060606061e-08, 3.698570362770034e-08, 2.2067475160208812e-08, 1.3840830449826991e-08, 0.0
59973.6, 11480.0, 11917.2, 7536.6, 3381.4, 2201.0, 1486.4, 798.0, 519.0, 274.2, 173.2, 108.4, 63.2, 34.0, 19.6, 13.6, 8.8, 4.8, 4.4, 1.0, 1.4, 0.2, 0.0
94.67122054774619, 54.89262245511686, 94.59894291164146, 74.27408700213016, 29.05580836941213, 18.077610461562667, 28.345017198795276, 15.582040944625964, 10.256705123966467, 7.467261881037788, 12.08966500776593, 5.678027826631356, 6.013318551349164, 6.782329983125268, 4.923413450036469, 4.029888335921977, 3.249615361854384, 1.9390719429665317, 0.7999999999999999, 0.6324555320336759, 0.4898979485566356, 0.4000000000000001, 0.0
3, 5, 6, 8, 11, 14, 18, 24, 31, 41, 53, 69, 90, 118, 153, 199, 259, 337, 438, 570, 741, 963, 1252, 1628
