PA, 10, 3, 3, 1.3
1000.0, 2000.0, 5000.0, 10000.0, 20000.0, 50000.0, 100000.0
85.2, 120.2, 184.3, 272.8, 384.0, 566.9, 844.2
7.593418202627852, 10.656453443805777, 16.625281952496326, 20.8585713796511, 34.40755730940515, 53.36290846646199, 70.08566187174092
3.872983346207417, 5.477225575051661, 6.928203230275509, 9.38083151964686, 12.409673645990857, 15.874507866387544, 20.784609690826528, 27.27636339397171, 35.651086939951774, 46.61544808322666, 60.473134530963414, 78.80355321938218, 103.05338422390601, 134.36517405935214
0.29879999999999995, 0.1129, 0.0588, 0.0259, 0.011066666666666667, 0.005599999999999999, 0.0023833333333333332, 0.0013714285714285712, 0.0006600000000000001, 0.00036666666666666667, 0.00013125000000000002, 5.7142857142857135e-05, 1.4285714285714284e-05, 0.0
0.003568613176011099, 0.008198780397107855, 0.003602082730865576, 0.0022924998485399197, 0.001036018017861337, 0.0005385164807134503, 0.0003027650354097493, 0.00018294640678379563, 0.00015937377450509228, 0.00010929064207169999, 3.535533905932738e-05, 2.5197631533948485e-05, 1.6751484856512245e-05, 0.0
597.6, 112.9, 117.6, 77.7, 33.2, 22.4, 14.3, 9.6, 6.6, 4.4, 2.1, 1.2, 0.4, 0.0
7.137226352022192, 8.198780397107853, 7.204165461731151, 6.87749954561976, 3.1080540535840107, 2.1540659228538015, 1.8165902124584954, 1.2806248474865698, 1.5937377450509227, 1.3114877048604001, 0.565685424949238, 0.5291502622129182, 0.469041575982343, 0.0
3, 5, 6, 8, 11, 14, 18, 24, 31, 41, 53, 69, 90, 118, 153
3.872983346207417, 5.477225575051661, 6.928203230275509, 9.38083151964686, 12.409673645990857, 15.874507866387544, 20.784609690826528, 27.27636339397171, 35.651086939951774, 46.61544808322666, 60.473134530963414, 78.80355321938218, 103.05338422390601, 134.36517405935214, 174.4906874305904, 227.02643017939565
0.2983, 0.1132, 0.060750000000000005, 0.024733333333333336, 0.011199999999999998, 0.0060625, 0.002416666666666667, 0.0010928571428571426, 0.000625, 0.00031666666666666665, 0.00011875000000000001, 7.857142857142857e-05, 2.1428571428571428e-05, 7.1428571428571436e-06, 1.0869565217391303e-06, 0.0
0.0029144038841588146, 0.005926634795564852, 0.0028306359709436334, 0.0012793227374930324, 0.000786694914747064, 0.0006937218462755804, 0.00036113247800034087, 0.0002343031352408103, 0.00012767145334803708, 6.454972243679029e-05, 3.217384419058437e-05, 2.608202654786505e-05, 9.780759955449394e-06, 6.7005939426048985e-06, 2.1739130434782607e-06, 0.0
1193.2, 226.4, 243.0, 148.4, 67.2, 48.5, 29.0, 15.3, 12.5, 7.6, 3.8, 3.3, 1.2, 0.5, 0.1, 0.0
11.657615536635268, 11.853269591129699, 11.322543883774529, 7.675936424958197, 4.720169488482378, 5.549774770204643, 4.33358973600409, 3.2802438933713454, 2.553429066960741, 1.5491933384829668, 1.0295630140987, 1.0954451150103321, 0.5477225575051661, 0.469041575982343, 0.20000000000000004, 0.0
3, 5, 6, 8, 11, 14, 18, 24, 31, 41, 53, 69, 90, 118, 153, 199, 259
3.872983346207417, 5.477225575051661, 6.928203230275509, 9.38083151964686, 12.409673645990857, 15.874507866387544, 20.784609690826528, 27.27636339397171, 35.651086939951774, 46.61544808322666, 60.473134530963414, 78.80355321938218, 103.05338422390601, 134.36517405935214, 174.4906874305904, 227.02643017939565, 295.43696451189044
0.29900000000000004, 0.11614, 0.05948, 0.024579999999999998, 0.01164, 0.00556, 0.00245, 0.0011971428571428571, 0.000506, 0.0002283333333333333, 0.00014, 6.095238095238095e-05, 2.7857142857142858e-05, 1.5428571428571428e-05, 4.7826086956521735e-06, 1e-06, 0.0
0.0018790423092628894, 0.002485799670126296, 0.0010713542831388696, 0.0008591985930052611, 0.0003921450978627402, 0.00032580669115289825, 0.0001706197852275963, 9.124982527240757e-05, 5.329165037789691e-05, 2.73861278752583e-05, 2.6457513110645906e-05, 1.7612611437054216e-05, 6.388765649999398e-06, 5.883217223421142e-06, 1.626807559466931e-06, 1.0540925533894596e-06, 0.0
2990.0, 580.7, 594.8, 368.7, 174.6, 111.2, 73.5, 41.9, 25.3, 13.7, 11.2, 6.4, 3.9, 2.7, 1.1, 0.3, 0.0
18.790423092628863, 12.428998350631478, 10.71354283138869, 12.887978895078934, 5.882176467941097, 6.516133823057963, 5.118593556827891, 3.1937438845342623, 2.6645825188948455, 1.6431676725154982, 2.116601048851672, 1.849324200890693, 0.8944271909999157, 1.0295630140987, 0.3741657386773941, 0.316227766016838, 0.0
3, 5, 6, 8, 11, 14, 18, 24, 31, 41, 53, 69, 90, 118, 153, 199, 259, 337
3.872983346207417, 5.477225575051661, 6.928203230275509, 9.38083151964686, 12.409673645990857, 15.874507866387544, 20.784609690826528, 27.27636339397171, 35.651086939951774, 46.61544808322666, 60.473134530963414, 78.80355321938218, 103.05338422390601, 134.36517405935214, 174.4906874305904, 227.02643017939565, 295.43696451189044, 384.1952628547104, 499.65988432132514
0.29964500000000005, 0.11332, 0.05999, 0.02504666666666667, 0.011493333333333333, 0.005540000000000001, 0.002515, 0.0011242857142857144, 0.000531, 0.00023666666666666665, 0.00010625000000000001, 5.142857142857143e-05, 2.6071428571428568e-05, 1.3714285714285716e-05, 7.17391304347826e-06, 2.1666666666666665e-06, 7.692307692307691e-07, 9.900990099009901e-08, 0.0
0.0005860887304837039, 0.002083650642502241, 0.001130774071156569, 0.00048698619647332444, 0.00028744081516413473, 0.0002165063509461097, 6.078194176270149e-05, 7.08548386722128e-05, 2.664582518894846e-05, 2.661453237111885e-05, 2.2378142237460198e-05, 1.0816968277714806e-05, 6.081923702116571e-06, 4.140393356054126e-06, 2.280019235152503e-06, 1.0540925533894596e-06, 5.733507634614845e-07, 1.98019801980198e-07, 0.0
5992.9, 1133.2, 1199.8, 751.4, 344.8, 221.6, 150.9, 78.7, 53.1, 28.4, 17.0, 10.8, 7.3, 4.8, 3.3, 1.3, 0.6, 0.1, 0.0
11.721774609674084, 20.836506425022407, 22.615481423131364, 14.60958589419974, 8.623224454924038, 8.660254037844386, 3.6469165057620936, 4.959838707054898, 2.6645825188948455, 3.193743884534262, 3.5805027579936315, 2.2715633383201097, 1.7029386365926402, 1.4491376746189437, 1.0488088481701516, 0.6324555320336759, 0.447213595499958, 0.20000000000000004, 0.0
3, 5, 6, 8, 11, 14, 18, 24, 31, 41, 53, 69, 90, 118, 153, 199, 259, 337, 438, 570
3.872983346207417, 5.477225575051661, 6.928203230275509, 9.38083151964686, 12.409673645990857, 15.874507866387544, 20.784609690826528, 27.27636339397171, 35.651086939951774, 46.61544808322666, 60.473134530963414, 78.80355321938218, 103.05338422390601, 134.36517405935214, 174.4906874305904, 227.02643017939565, 295.43696451189044, 384.1952628547104, 499.65988432132514, 649.8999923065087
0.30008, 0.11327000000000001, 0.059637499999999996, 0.025393333333333334, 0.011181666666666666, 0.0055125, 0.0025491666666666666, 0.0011314285714285714, 0.000508, 0.00022958333333333338, 0.00010874999999999999, 5.047619047619048e-05, 2.3749999999999995e-05, 1.057142857142857e-05, 6.195652173913043e-06, 3.5833333333333335e-06, 1.0256410256410257e-06, 4.950495049504951e-07, 3.787878787878788e-08, 0.0
0.000775443421533771, 0.0013330416347586457, 0.0006204736094307319, 0.0003789312455959382, 0.00029084169042434244, 0.00020379984052986896, 9.831920802501753e-05, 3.759342104840223e-05, 2.4103941586387906e-05, 1.592081097878567e-05, 9.722718241315026e-06, 7.824607964359516e-06, 4.032710639512935e-06, 2.821202522590214e-06, 1.357608260521391e-06, 9.501461875826148e-07, 4.252083064558205e-07, 1.4002114478941536e-07, 7.575757575757576e-08, 0.0
12003.2, 2265.4, 2385.5, 1523.6, 670.9, 441.0, 305.9, 158.4, 101.6, 55.1, 34.8, 21.2, 13.3, 7.4, 5.7, 4.3, 1.6, 1.0, 0.1, 0.0
31.0177368613508, 26.660832695172893, 24.818944377229265, 22.735874735756262, 17.45050142546053, 16.303987242389514, 11.7983049630021, 5.263078946776307, 4.8207883172775805, 3.8209946349085593, 3.1112698372208087, 3.2863353450309964, 2.2583179581272432, 1.9748417658131499, 1.2489995996796797, 1.1401754250991378, 0.6633249580710799, 0.282842712474619, 0.20000000000000004, 0.0
3, 5, 6, 8, 11, 14, 18, 24, 31, 41, 53, 69, 90, 118, 153, 199, 259, 337, 438, 570, 741
3.872983346207417, 5.477225575051661, 6.928203230275509, 9.38083151964686, 12.409673645990857, 15.874507866387544, 20.784609690826528, 27.27636339397171, 35.651086939951774, 46.61544808322666, 60.473134530963414, 78.80355321938218, 103.05338422390601, 134.36517405935214, 174.4906874305904, 227.02643017939565, 295.43696451189044, 384.1952628547104, 499.65988432132514, 649.8999923065087, 844.7384210511559
0.300156, 0.113954, 0.059621999999999994, 0.02513266666666667, 0.011287333333333333, 0.005477, 0.00252, 0.0011328571428571427, 0.000513, 0.00022433333333333333, 0.000115, 5.0190476190476176e-05, 2.3000000000000003e-05, 8.8e-06, 5.391304347826087e-06, 2.566666666666667e-06, 1.1794871794871795e-06, 7.326732673267328e-07, 1.9696969696969698e-07, 5.84795321637427e-08, 0.0
0.00047677248242741766, 0.000772471358692346, 0.00037220424500534593, 0.00012970736293672775, 9.997777530809298e-05, 8.768124086713187e-05, 4.619764303752113e-05, 3.432378838327131e-05, 1.8493242008906927e-05, 1.5229722402080893e-05, 6.912398281349245e-06, 3.1529419728089234e-06, 2.5734119335216903e-06, 1.0991648035240766e-06, 8.630188365773568e-07, 5.92546294487706e-07, 2.4325212770525996e-07, 1.9401898952738047e-07, 1.0276257550189802e-07, 3.3081019002879415e-08, 0.0
30015.6, 5697.7, 5962.2, 3769.9, 1693.1, 1095.4, 756.0, 396.5, 256.5, 134.6, 92.0, 52.7, 32.2, 15.4, 12.4, 7.7, 4.6, 3.7, 1.3, 0.5, 0.0
47.677248242741534, 38.623567934617334, 37.220424500534655, 19.456104440509154, 14.996666296213968, 17.53624817342638, 13.859292911256333, 12.013325934144966, 9.246621004453464, 9.137833441248533, 5.529918625079396, 3.3105890714493698, 3.6027767069303644, 1.9235384061671343, 1.9849433241279208, 1.7776388834631178, 0.9486832980505137, 0.9797958971132712, 0.6782329983125268, 0.282842712474619, 0.0
3, 5, 6, 8, 11, 14, 18, 24, 31, 41, 53, 69, 90, 118, 153, 199, 259, 337, 438, 570, 741, 963
3.872983346207417, 5.477225575051661, 6.928203230275509, 9.38083151964686, 12.409673645990857, 15.874507866387544, 20.784609690826528, 27.27636339397171, 35.651086939951774, 46.61544808322666, 60.473134530963414, 78.80355321938218, 103.05338422390601, 134.36517405935214, 174.4906874305904, 227.02643017939565, 295.43696451189044, 384.1952628547104, 499.65988432132514, 649.8999923065087, 844.7384210511559, 1098.0327863957432, 1427.6750330519897
0.300078, 0.11474899999999999, 0.05941099999999999, 0.025151333333333338, 0.011210333333333333, 0.0055102499999999995, 0.0025096666666666666, 0.0011227142857142857, 0.0005205999999999999, 0.00022566666666666663, 0.00010787499999999998, 5.028571428571428e-05, 2.2107142857142853e-05, 1.0485714285714285e-05, 4.347826086956521e-06, 2.3166666666666664e-06, 1.0769230769230769e-06, 5.742574257425743e-07, 3.1060606060606065e-07, 8.187134502923976e-08, 4.9549549549549545e-08, 3.460207612456748e-09, 0.0
0.0002681007273395553, 0.00047722531366221476, 0.00028605419067023, 0.00016848013400859883, 7.068710396293437e-05, 5.681329069856811e-05, 4.0104031385053215e-05, 1.5315724879072154e-05, 8.114185110040305e-06, 5.109903238918631e-06, 4.810470351223464e-06, 3.271536007108128e-06, 1.2926400764895614e-06, 1.090216230190795e-06, 5.961438782957429e-07, 4.3461349368017663e-07, 2.962620514946498e-07, 1.8202748822623998e-07, 7.186994682200861e-08, 2.8649002839569338e-08, 2.0144756554052156e-08, 6.920415224913496e-09, 0.0
60015.6, 11474.9, 11882.2, 7545.4, 3363.1, 2204.1, 1505.8, 785.9, 520.6, 270.8, 172.6, 105.6, 61.9, 36.7, 20.0, 13.9, 8.4, 5.8, 4.1, 1.4, 1.1, 0.1, 0.0
53.620145467911584, 47.72253136622155, 57.2108381340459, 50.544040202579765, 21.206131188880256, 22.725316279427222, 24.06241883103193, 10.721007415350481, 8.114185110040317, 6.131883886702356, 7.696752561957543, 6.870225614927067, 3.6193922141707717, 3.8157568056677826, 2.7422618401604177, 2.6076809620810595, 2.3108440016582685, 1.838477631085024, 0.9486832980505138, 0.4898979485566356, 0.447213595499958, 0.20000000000000004, 0.0
3, 5, 6, 8, 11, 14, 18, 24, 31, 41, 53, 69, 90, 118, 153, 199, 259, 337, 438, 570, 741, 963, 1252, 1628
