RA, 5, 3, 3, 1.3
2000.0, 5000.0, 10000.0
26.6, 30.0, 31.4
1.019803902718557, 2.6076809620810595, 2.0591260281974
3.872983346207417, 5.477225575051661, 6.928203230275509, 9.38083151964686, 12.409673645990857, 15.874507866387544, 20.784609690826528, 27.27636339397171, 35.651086939951774
0.21775000000000003, 0.1414, 0.0927, 0.04643333333333334, 0.018533333333333336, 0.007875, 0.001666666666666667, 0.0001857142857142857, 0.0
0.004341658669218485, 0.012439453364195704, 0.0029555033412263323, 0.0017403703309608806, 0.0009392668535736911, 0.0004031128874149276, 0.00011785113019775798, 3.499271061118826e-05, 0.0
871.0, 282.8, 370.8, 278.6, 111.2, 63.0, 20.0, 2.6, 0.0
17.36663467687393, 24.87890672839142, 11.822013364905319, 10.44222198576529, 5.635601121442148, 3.22490309931942, 1.4142135623730951, 0.4898979485566356, 0.0
3, 5, 6, 8, 11, 14, 18, 24, 31, 41
3.872983346207417, 5.477225575051661, 6.928203230275509, 9.38083151964686, 12.409673645990857, 15.874507866387544, 20.784609690826528, 27.27636339397171, 35.651086939951774, 46.61544808322666
0.21756000000000003, 0.14156, 0.09396000000000002, 0.04513333333333333, 0.019466666666666667, 0.00702, 0.0019533333333333334, 0.00023428571428571422, 1.6000000000000003e-05, 0.0
0.0017281203661782332, 0.00366911433454996, 0.0013350655414622926, 0.0005232377832092947, 0.0011115554667022046, 0.0005045790324617146, 0.00020286832072937251, 4.19912527334259e-05, 1.4966629547095768e-05, 0.0
2175.6, 707.8, 939.6, 677.0, 292.0, 140.4, 58.6, 8.2, 0.8, 0.0
17.281203661782357, 18.345571672749802, 13.350655414622908, 7.848566748139434, 16.673332000533065, 10.091580649234292, 6.086049621881176, 1.4696938456699067, 0.7483314773547883, 0.0
3, 5, 6, 8, 11, 14, 18, 24, 31, 41, 53
3.872983346207417, 5.477225575051661, 6.928203230275509, 9.38083151964686, 12.409673645990857, 15.874507866387544, 20.784609690826528, 27.27636339397171, 35.651086939951774, 46.61544808322666
0.21870000000000003, 0.14018000000000003, 0.09258, 0.045540000000000004, 0.01977333333333333, 0.00693, 0.0019033333333333333, 0.0003, 8.000000000000001e-06, 0.0
0.0015626899884494064, 0.001909345437578016, 0.001487481092316804, 0.0008942781073767439, 0.000858008028970462, 0.0005631163290120435, 0.000138001610296563, 4.6947647786157095e-05, 7.483314773547884e-06, 0.0
4374.0, 1401.8, 1851.6, 1366.2, 593.2, 277.2, 114.2, 21.0, 0.8, 0.0
31.253799768988088, 19.093454375780198, 29.74962184633613, 26.828343221302354, 25.74024086911387, 22.52465316048174, 8.280096617793781, 3.286335345030997, 0.7483314773547883, 0.0
3, 5, 6, 8, 11, 14, 18, 24, 31, 41, 53
