PA, 5, 3, 3, 1.3
1000.0, 2000.0, 5000.0, 10000.0, 20000.0, 50000.0, 100000.0
72.8, 104.2, 164.4, 228.2, 323.0, 520.8, 729.0
6.615134163416491, 12.023310692151309, 21.425218785347326, 33.71883746513216, 49.221946324784845, 75.77704137797939, 99.44043443187485
3.872983346207417, 5.477225575051661, 6.928203230275509, 9.38083151964686, 12.409673645990857, 15.874507866387544, 20.784609690826528, 27.27636339397171, 35.651086939951774, 46.61544808322666, 60.473134530963414, 78.80355321938218, 103.05338422390601
0.29619999999999996, 0.11259999999999999, 0.0611, 0.02613333333333333, 0.010733333333333334, 0.00545, 0.002833333333333333, 0.0012857142857142854, 0.00047999999999999996, 0.0004499999999999999, 0.000175, 6.666666666666666e-05, 0.0
0.004664761515876244, 0.011499565209172044, 0.004705316142407438, 0.0029559732369860508, 0.0012892719737209145, 0.000913783344124853, 0.00031622776601683805, 0.0002857142857142857, 0.0002993325909419153, 6.666666666666663e-05, 4.677071733467427e-05, 4.8562090605645565e-05, 0.0
592.4, 112.6, 122.2, 78.4, 32.2, 21.8, 17.0, 9.0, 4.8, 5.4, 2.8, 1.4, 0.0
9.32952303175248, 11.499565209172042, 9.410632284814872, 8.867919710958146, 3.867815921162743, 3.655133376499413, 1.8973665961010275, 2.0, 2.9933259094191533, 0.8, 0.7483314773547882, 1.019803902718557, 0.0
3, 5, 6, 8, 11, 14, 18, 24, 31, 41, 53, 69, 90, 118
3.872983346207417, 5.477225575051661, 6.928203230275509, 9.38083151964686, 12.409673645990857, 15.874507866387544, 20.784609690826528, 27.27636339397171, 35.651086939951774, 46.61544808322666, 60.473134530963414, 78.80355321938218, 103.05338422390601, 134.36517405935214, 174.4906874305904
0.29725, 0.1156, 0.05835, 0.026533333333333336, 0.011733333333333333, 0.0053750000000000004, 0.002533333333333333, 0.0012000000000000001, 0.00059, 0.0001833333333333333, 0.00013749999999999998, 0.0001, 2.8571428571428567e-05, 2.8571428571428573e-06, 0.0
0.0020916500663351843, 0.006621178142898741, 0.002586503431275512, 0.0018956089610817244, 0.0011671427600007745, 0.0006566962768281847, 0.0003439961240091714, 0.00011428571428571424, 0.0001067707825203131, 8.975274678557506e-05, 4.677071733467427e-05, 2.776643759450143e-05, 1.8210783977117088e-05, 5.7142857142857145e-06, 0.0
1189.0, 231.2, 233.4, 159.2, 70.4, 43.0, 30.4, 16.8, 11.8, 4.4, 4.4, 4.2, 1.6, 0.2, 0.0
8.366600265340756, 13.242356285797477, 10.34601372510205, 11.373653766490346, 7.002856560004639, 5.253570214625479, 4.127953488110059, 1.5999999999999999, 2.1354156504062622, 2.1540659228538015, 1.4966629547095764, 1.16619037896906, 1.019803902718557, 0.4, 0.0
3, 5, 6, 8, 11, 14, 18, 24, 31, 41, 53, 69, 90, 118, 153, 199
3.872983346207417, 5.477225575051661, 6.928203230275509, 9.38083151964686, 12.409673645990857, 15.874507866387544, 20.784609690826528, 27.27636339397171, 35.651086939951774, 46.61544808322666, 60.473134530963414, 78.80355321938218, 103.05338422390601, 134.36517405935214, 174.4906874305904, 227.02643017939565, 295.43696451189044
0.2984, 0.11432, 0.0601, 0.02526666666666667, 0.010920000000000001, 0.0057799999999999995, 0.0027666666666666664, 0.0010342857142857144, 0.000552, 0.00026, 0.00011250000000000001, 4e-05, 3.7142857142857143e-05, 1.8285714285714288e-05, 3.478260869565217e-06, 6.666666666666667e-07, 0.0
0.0009919677414109778, 0.0023650792798551134, 0.0019462785001124572, 0.0007155417527999314, 0.00046456670373824934, 0.0004718050444834177, 0.00017511900715418263, 6.614763944451556e-05, 8.25590697622012e-05, 3.5901098714230015e-05, 1.5811388300841898e-05, 2.121053090601913e-05, 1.2289036095775181e-05, 5.598833697790121e-06, 1.7391304347826088e-06, 1.3333333333333334e-06, 0.0
2984.0, 571.6, 601.0, 379.0, 163.8, 115.6, 83.0, 36.2, 27.6, 15.6, 9.0, 4.2, 5.2, 3.2, 0.8, 0.2, 0.0
9.919677414109795, 11.825396399275585, 19.462785001124583, 10.73312629199899, 6.968500556073739, 9.436100889668358, 5.253570214625479, 2.3151673805580453, 4.127953488110059, 2.1540659228538015, 1.2649110640673518, 2.227105745132009, 1.7204650534085253, 0.9797958971132712, 0.4000000000000001, 0.4, 0.0
3, 5, 6, 8, 11, 14, 18, 24, 31, 41, 53, 69, 90, 118, 153, 199, 259, 337
3.872983346207417, 5.477225575051661, 6.928203230275509, 9.38083151964686, 12.409673645990857, 15.874507866387544, 20.784609690826528, 27.27636339397171, 35.651086939951774, 46.61544808322666, 60.473134530963414, 78.80355321938218, 103.05338422390601, 134.36517405935214, 174.4906874305904, 227.02643017939565, 295.43696451189044, 384.1952628547104
0.29955000000000004, 0.11316, 0.06065, 0.024773333333333335, 0.011273333333333333, 0.005455, 0.0026066666666666664, 0.0012285714285714285, 0.00047200000000000003, 0.0002466666666666667, 0.00010874999999999999, 5.9999999999999995e-05, 1.8571428571428572e-05, 1.3714285714285714e-05, 7.826086956521738e-06, 3.0000000000000005e-06, 2.564102564102564e-07, 0.0
0.0011282730166054715, 0.0028054233192158374, 0.001998249233704344, 0.000680326718896477, 0.0006641285016219882, 0.00035369478367654807, 0.00022276045928804836, 9.302183197771258e-05, 2.7129319932501038e-05, 2.2110831935702663e-05, 2.783882181415011e-05, 1.2988744473319861e-05, 4.7380354147934294e-06, 3.790428331834743e-06, 1.064995540340512e-06, 1.9436506316151004e-06, 5.128205128205128e-07, 0.0
5991.0, 1131.6, 1213.0, 743.2, 338.2, 218.2, 156.4, 86.0, 47.2, 29.6, 17.4, 12.6, 5.2, 4.8, 3.6, 1.8, 0.2, 0.0
22.565460332109335, 28.054233192158364, 39.96498467408689, 20.409801566894274, 19.923855048659632, 14.147791347061915, 13.365627557282897, 6.511528238439882, 2.7129319932501077, 2.65329983228432, 4.454211490264018, 2.727636339397171, 1.32664991614216, 1.32664991614216, 0.4898979485566356, 1.1661903789690602, 0.4, 0.0
3, 5, 6, 8, 11, 14, 18, 24, 31, 41, 53, 69, 90, 118, 153, 199, 259, 337, 438
3.872983346207417, 5.477225575051661, 6.928203230275509, 9.38083151964686, 12.409673645990857, 15.874507866387544, 20.784609690826528, 27.27636339397171, 35.651086939951774, 46.61544808322666, 60.473134530963414, 78.80355321938218, 103.05338422390601, 134.36517405935214, 174.4906874305904, 227.02643017939565, 295.43696451189044, 384.1952628547104, 499.65988432132514
0.29953, 0.11354, 0.05961500000000001, 0.02567, 0.011133333333333334, 0.0054725, 0.002535, 0.0011885714285714288, 0.000504, 0.000255, 9.9375e-05, 4.80952380952381e-05, 2.535714285714285e-05, 1e-05, 4.5652173913043474e-06, 4.166666666666667e-06, 1.4102564102564101e-06, 9.900990099009901e-08, 0.0
0.0008175267579718771, 0.0012030793822520615, 0.0010102722405371737, 0.000236032012894673, 0.00025144029554194787, 0.00021800229356591628, 9.285592184789407e-05, 0.00010277774713488548, 4.586937976471886e-05, 1.0992421631894128e-05, 9.960860906568268e-06, 8.832017614757815e-06, 3.273268353539886e-06, 1.564921592871904e-06, 1.597493310510768e-06, 1.3944333775567927e-06, 8.504166129116409e-07, 1.9801980198019803e-07, 0.0
11981.2, 2270.8, 2384.6, 1540.2, 668.0, 437.8, 304.2, 166.4, 100.8, 61.2, 31.8, 20.2, 14.2, 7.0, 4.2, 5.0, 2.2, 0.2, 0.0
32.70107031887488, 24.061587645041215, 40.41088962148692, 14.161920773680384, 15.086417732516887, 17.440183485273312, 11.142710621747296, 14.388884598883958, 9.173875952943773, 2.638181191654584, 3.1874754901018454, 3.7094473981982814, 1.8330302779823358, 1.0954451150103321, 1.469693845669907, 1.6733200530681511, 1.32664991614216, 0.4, 0.0
3, 5, 6, 8, 11, 14, 18, 24, 31, 41, 53, 69, 90, 118, 153, 199, 259, 337, 438, 570
3.872983346207417, 5.477225575051661, 6.928203230275509, 9.38083151964686, 12.409673645990857, 15.874507866387544, 20.784609690826528, 27.27636339397171, 35.651086939951774, 46.61544808322666, 60.473134530963414, 78.80355321938218, 103.05338422390601, 134.36517405935214, 174.4906874305904, 227.02643017939565, 295.43696451189044, 384.1952628547104, 499.65988432132514, 649.8999923065087, 844.7384210511559
0.299438, 0.114204, 0.060014, 0.025262666666666666, 0.011435999999999998, 0.0054459999999999995, 0.0024533333333333334, 0.0011314285714285714, 0.0005172, 0.000238, 0.00010999999999999999, 4.914285714285714e-05, 2.1571428571428574e-05, 1.0399999999999999e-05, 5.739130434782608e-06, 1.7333333333333332e-06, 1.2307692307692308e-06, 8.316831683168318e-07, 2.4242424242424244e-07, 2.3391812865497076e-08, 0.0
0.0009063862311398928, 0.0008332490624057121, 0.0006357861275617788, 0.00038658849784579095, 0.00020864004089979097, 0.00010855413396089517, 1.9321835661585984e-05, 3.272644814463167e-05, 3.9731096133884845e-05, 1.14697670227235e-05, 8.732124598286492e-06, 3.837988891354267e-06, 3.4226138716316986e-06, 1.4182484166846693e-06, 8.430747578115352e-07, 2.494438257849294e-07, 3.4016664516465634e-07, 1.4818445096134424e-07, 1.54515742836145e-07, 4.678362573099415e-08, 0.0
29943.8, 5710.2, 6001.4, 3789.4, 1715.4, 1089.2, 736.0, 396.0, 258.6, 142.8, 88.0, 51.6, 30.2, 18.2, 13.2, 5.2, 4.8, 4.2, 1.6, 0.2, 0.0
90.63862311399043, 41.662453120285655, 63.57861275617769, 57.98827467686895, 31.296006134968724, 21.710826792179056, 5.796550698475776, 11.454256850621082, 19.865548066942427, 6.881860213634101, 6.985699678629192, 4.029888335921977, 4.791659420284375, 2.481934729198171, 1.9390719429665315, 0.7483314773547882, 1.32664991614216, 0.7483314773547882, 1.019803902718557, 0.4, 0.0
3, 5, 6, 8, 11, 14, 18, 24, 31, 41, 53, 69, 90, 118, 153, 199, 259, 337, 438, 570, 741, 963
3.872983346207417, 5.477225575051661, 6.928203230275509, 9.38083151964686, 12.409673645990857, 15.874507866387544, 20.784609690826528, 27.27636339397171, 35.651086939951774, 46.61544808322666, 60.473134530963414, 78.80355321938218, 103.05338422390601, 134.36517405935214, 174.4906874305904, 227.02643017939565, 295.43696451189044, 384.1952628547104, 499.65988432132514, 649.8999923065087, 844.7384210511559, 1098.0327863957432
0.299837, 0.114314, 0.05948, 0.025216000000000006, 0.011372666666666666, 0.0055379999999999995, 0.0025703333333333333, 0.0010797142857142858, 0.0004976, 0.000243, 0.00010412499999999998, 5.114285714285713e-05, 2.2214285714285714e-05, 9.714285714285713e-06, 4.695652173913043e-06, 2.6e-06, 7.948717948717949e-07, 4.356435643564356e-07, 4.0909090909090917e-07, 1.4035087719298244e-07, 1.8018018018018017e-08, 0.0
0.0008385678267141029, 0.0011138509774651208, 0.00020374003043093918, 0.0002393175482259685, 0.00012602292560394537, 0.0001041561328007142, 5.042486159293528e-05, 2.7765784258871704e-05, 1.4122322755127805e-05, 1.1886032886450285e-05, 6.2073545089675715e-06, 4.391292146056578e-06, 1.7408653724219898e-06, 8.852533362759804e-07, 9.780192938436514e-07, 4.0276819911981914e-07, 9.593993299420363e-08, 1.0097068343748088e-07, 1.3208784677395982e-07, 1.0846337421632401e-07, 2.2067475160208812e-08, 0.0
59967.4, 11431.4, 11896.0, 7564.8, 3411.8, 2215.2, 1542.2, 755.8, 497.6, 291.6, 166.6, 107.4, 62.2, 34.0, 21.6, 15.6, 6.2, 4.4, 5.4, 2.4, 0.4, 0.0
167.71356534281895, 111.38509774651185, 40.74800608618783, 71.79526446779063, 37.806877681183884, 41.66245312028565, 30.25491695576109, 19.436048981210146, 14.122322755127783, 14.263239463740346, 9.93176721434811, 9.221713506718803, 4.874423042781577, 3.0983866769659336, 4.498888751680797, 2.4166091947189146, 0.7483314773547882, 1.0198039027185568, 1.7435595774162693, 1.8547236990991407, 0.48989794855663565, 0.0
3, 5, 6, 8, 11, 14, 18, 24, 31, 41, 53, 69, 90, 118, 153, 199, 259, 337, 438, 570, 741, 963, 1252
