PA, 15, 3, 3, 1.3
1000.0, 2000.0, 5000.0, 10000.0, 20000.0, 50000.0, 100000.0
81.0, 114.66666666666667, 177.6, 260.46666666666664, 368.06666666666666, 559.7333333333333, 818.9333333333333
5.793482928640115, 8.443801145087312, 13.240342392350234, 17.662515235504948, 28.506685375734428, 45.17354191215129, 60.93698019721322
3.872983346207417, 5.477225575051661, 6.928203230275509, 9.38083151964686, 12.409673645990857, 15.874507866387544, 20.784609690826528, 27.27636339397171, 35.651086939951774, 46.61544808322666, 60.473134530963414, 78.80355321938218, 103.05338422390601, 134.36517405935214
0.2991, 0.112, 0.059000000000000004, 0.025955555555555555, 0.010733333333333334, 0.00575, 0.0024, 0.0013714285714285712, 0.0006133333333333335, 0.00038333333333333334, 0.00015416666666666668, 6.031746031746031e-05, 9.523809523809523e-06, 0.0
0.0029851484236317503, 0.006718465433250199, 0.002789663460387691, 0.0018571184369578823, 0.0007436978013636228, 0.00048819395052922694, 0.00024241582476968265, 0.00016218463205644188, 0.00012256517540566825, 9.329364235414813e-05, 2.825970826302195e-05, 2.5396825396825397e-05, 1.1167656571008164e-05, 0.0
598.2, 112.0, 118.0, 77.86666666666666, 32.2, 23.0, 14.4, 9.6, 6.133333333333334, 4.6, 2.466666666666667, 1.2666666666666666, 0.26666666666666666, 0.0
5.970296847263496, 6.7184654332501985, 5.579326920775381, 5.571355310873647, 2.2310934040908683, 1.952775802116908, 1.4544949486180954, 1.1352924243950935, 1.2256517540566823, 1.1195237082497775, 0.4521553322083512, 0.5333333333333333, 0.31269438398822863, 0.0
3, 5, 6, 8, 11, 14, 18, 24, 31, 41, 53, 69, 90, 118, 153
3.872983346207417, 5.477225575051661, 6.928203230275509, 9.38083151964686, 12.409673645990857, 15.874507866387544, 20.784609690826528, 27.27636339397171, 35.651086939951774, 46.61544808322666, 60.473134530963414, 78.80355321938218, 103.05338422390601, 134.36517405935214, 174.4906874305904, 227.02643017939565
0.29760000000000003, 0.11503333333333332, 0.06048333333333334, 0.025044444444444446, 0.011277777777777777, 0.005816666666666666, 0.002433333333333334, 0.0010619047619047615, 0.0006100000000000001, 0.00029444444444444445, 0.00013541666666666666, 8.571428571428571e-05, 2.5e-05, 5.714285714285715e-06, 7.246376811594202e-07, 0.0
0.0022113344387495954, 0.00422900040724099, 0.00241200700201674, 0.0009744894199680311, 0.0005402331458285881, 0.00048562674281111553, 0.00026550673656330047, 0.0001860192855678534, 0.00010530379332620877, 6.022078719077445e-05, 4.124789556921527e-05, 1.7675442421682605e-05, 9.523809523809523e-06, 4.856209060564556e-06, 1.4492753623188404e-06, 0.0
1190.4, 230.06666666666666, 241.93333333333334, 150.26666666666668, 67.66666666666667, 46.53333333333333, 29.2, 14.866666666666667, 12.2, 7.066666666666666, 4.333333333333333, 3.6, 1.4, 0.4, 0.06666666666666667, 0.0
8.845337754998392, 8.458000814481977, 9.648028008066955, 5.846936519808187, 3.241398874971525, 3.885013942488924, 3.186080838759605, 2.6042699979499484, 2.106075866524175, 1.4452988925785866, 1.3199326582148887, 0.7423685817106696, 0.5333333333333333, 0.33993463423951903, 0.13333333333333336, 0.0
3, 5, 6, 8, 11, 14, 18, 24, 31, 41, 53, 69, 90, 118, 153, 199, 259
3.872983346207417, 5.477225575051661, 6.928203230275509, 9.38083151964686, 12.409673645990857, 15.874507866387544, 20.784609690826528, 27.27636339397171, 35.651086939951774, 46.61544808322666, 60.473134530963414, 78.80355321938218, 103.05338422390601, 134.36517405935214, 174.4906874305904, 227.02643017939565, 295.43696451189044
0.2988666666666667, 0.11596, 0.05964666666666667, 0.02476444444444444, 0.011591111111111111, 0.0054399999999999995, 0.0025622222222222222, 0.0011485714285714285, 0.0004986666666666667, 0.00022666666666666663, 0.00013249999999999997, 5.714285714285714e-05, 3.238095238095238e-05, 1.561904761904762e-05, 5.507246376811594e-06, 6.666666666666666e-07, 0.0
0.0014404937425140814, 0.0022829999756655475, 0.0008764068055925223, 0.0006038559226410232, 0.00030521395046025616, 0.00026195843605851337, 0.00015405626677721785, 7.793246683991923e-05, 4.5684911197364827e-05, 2.1829869671542775e-05, 2.6666666666666667e-05, 1.3257532074807045e-05, 8.16496580927726e-06, 4.1731242476584075e-06, 2.2452077369318356e-06, 7.027283689263063e-07, 0.0
2988.6666666666665, 579.8, 596.4666666666667, 371.46666666666664, 173.86666666666667, 108.8, 76.86666666666666, 40.2, 24.933333333333334, 13.6, 10.6, 6.0, 4.533333333333333, 2.7333333333333334, 1.2666666666666666, 0.2, 0.0
14.404937425140806, 11.414999878327736, 8.76406805592522, 9.057838839615355, 4.578209256903839, 5.239168721170267, 4.621688003316537, 2.727636339397171, 2.284245559868242, 1.3097921802925667, 2.1333333333333333, 1.39204086785474, 1.1430952132988166, 0.7302967433402215, 0.5163977794943223, 0.210818510677892, 0.0
3, 5, 6, 8, 11, 14, 18, 24, 31, 41, 53, 69, 90, 118, 153, 199, 259, 337
3.872983346207417, 5.477225575051661, 6.928203230275509, 9.38083151964686, 12.409673645990857, 15.874507866387544, 20.784609690826528, 27.27636339397171, 35.651086939951774, 46.61544808322666, 60.473134530963414, 78.80355321938218, 103.05338422390601, 134.36517405935214, 174.4906874305904, 227.02643017939565, 295.43696451189044, 384.1952628547104, 499.65988432132514
0.29986666666666667, 0.11320666666666666, 0.05967666666666667, 0.025142222222222222, 0.011413333333333334, 0.00562, 0.002492222222222222, 0.0011476190476190477, 0.0005366666666666667, 0.00022666666666666668, 0.00010666666666666667, 4.8253968253968255e-05, 2.4999999999999998e-05, 1.4476190476190478e-05, 7.826086956521738e-06, 2.2222222222222225e-06, 7.692307692307691e-07, 6.600660066006601e-08, 0.0
0.0006605889628034811, 0.0018609436077192424, 0.0008993577955655052, 0.00045234096175231827, 0.00020247847012509138, 0.0001734775041451901, 6.906786785742248e-05, 6.93736146722831e-05, 2.2842455598682423e-05, 1.786437243423725e-05, 1.5399765510480274e-05, 9.145943041833608e-06, 4.616837959444123e-06, 4.155699853194558e-06, 1.6138447428492816e-06, 9.026709338484399e-07, 5.128205128205128e-07, 1.32013201320132e-07, 0.0
5997.333333333333, 1132.0666666666666, 1193.5333333333333, 754.2666666666667, 342.4, 224.8, 149.53333333333333, 80.33333333333333, 53.666666666666664, 27.2, 17.066666666666666, 10.133333333333333, 7.0, 5.066666666666666, 3.6, 1.3333333333333333, 0.6, 0.06666666666666667, 0.0
13.211779256069605, 18.609436077192427, 17.987155911310094, 13.570228852569551, 6.074354103752741, 6.939100165807603, 4.144072071445347, 4.8561530270598166, 2.284245559868242, 2.14372469210847, 2.4639624816768437, 1.920648038785058, 1.2927146286443545, 1.4544949486180951, 0.7423685817106697, 0.5416025603090641, 0.4, 0.13333333333333336, 0.0
3, 5, 6, 8, 11, 14, 18, 24, 31, 41, 53, 69, 90, 118, 153, 199, 259, 337, 438, 570
3.872983346207417, 5.477225575051661, 6.928203230275509, 9.38083151964686, 12.409673645990857, 15.874507866387544, 20.784609690826528, 27.27636339397171, 35.651086939951774, 46.61544808322666, 60.473134530963414, 78.80355321938218, 103.05338422390601, 134.36517405935214, 174.4906874305904, 227.02643017939565, 295.43696451189044, 384.1952628547104, 499.65988432132514, 649.8999923065087
0.2999466666666667, 0.11409, 0.05945666666666667, 0.025344444444444444, 0.011093333333333334, 0.005560833333333333, 0.002551666666666667, 0.0011280952380952382, 0.0005133333333333333, 0.00023194444444444445, 0.000108125, 4.9841269841269845e-05, 2.2619047619047612e-05, 1.057142857142857e-05, 6.159420289855072e-06, 3.944444444444445e-06, 8.547008547008546e-07, 5.280528052805281e-07, 2.5252525252525253e-08, 0.0
0.0006458069887099929, 0.0010093232055854726, 0.0005076416058598823, 0.0002826374897590269, 0.00023415727541468742, 0.00013876438864332435, 8.122138622460784e-05, 3.585685828003184e-05, 2.398610709000803e-05, 1.2341588828623924e-05, 7.77281587757401e-06, 5.888011743171875e-06, 3.5634832254989916e-06, 2.4392854237839424e-06, 1.3203526926296085e-06, 6.71280331866365e-07, 3.254603891394833e-07, 2.1388583163062247e-07, 5.0505050505050506e-08, 0.0
11997.866666666667, 2281.8, 2378.266666666667, 1520.6666666666667, 665.6, 444.8666666666667, 306.2, 157.93333333333334, 102.66666666666667, 55.666666666666664, 34.6, 20.933333333333334, 12.666666666666666, 7.4, 5.666666666666667, 4.733333333333333, 1.3333333333333333, 1.0666666666666667, 0.06666666666666667, 0.0
25.832279548399647, 20.18646411170944, 20.305664234395287, 16.958249385541603, 14.049436524881225, 11.101151091465946, 9.746566346952937, 5.019960159204453, 4.797221418001606, 2.961981318869741, 2.4873010808236837, 2.4729649321321876, 1.9955506062794357, 1.7074997966487595, 1.2147244772192398, 0.8055363982396381, 0.5077182070575939, 0.43204937989385733, 0.13333333333333336, 0.0
3, 5, 6, 8, 11, 14, 18, 24, 31, 41, 53, 69, 90, 118, 153, 199, 259, 337, 438, 570, 741
3.872983346207417, 5.477225575051661, 6.928203230275509, 9.38083151964686, 12.409673645990857, 15.874507866387544, 20.784609690826528, 27.27636339397171, 35.651086939951774, 46.61544808322666, 60.473134530963414, 78.80355321938218, 103.05338422390601, 134.36517405935214, 174.4906874305904, 227.02643017939565, 295.43696451189044, 384.1952628547104, 499.65988432132514, 649.8999923065087, 844.7384210511559
0.29996466666666666, 0.11407466666666667, 0.05968466666666667, 0.025229333333333336, 0.011260444444444443, 0.005442333333333333, 0.002532888888888889, 0.0011302857142857143, 0.0005147999999999999, 0.00022811111111111111, 0.00011308333333333332, 5.022222222222221e-05, 2.1809523809523812e-05, 9.295238095238095e-06, 4.869565217391304e-06, 2.5333333333333334e-06, 1.3333333333333334e-06, 7.524752475247525e-07, 1.9191919191919194e-07, 7.017543859649123e-08, 0.0
0.0003561310620169709, 0.0005762283497981603, 0.0003417705533118836, 0.00015350393086212315, 8.872206567856493e-05, 6.279419647635527e-05, 3.8939015313439116e-05, 3.023475797106967e-05, 1.8947412605536533e-05, 1.1646013465114567e-05, 5.273097339852125e-06, 2.190246134687027e-06, 2.0270282527421692e-06, 8.518354199999197e-07, 7.147146670108958e-07, 4.929127336181964e-07, 3.314652893959883e-07, 1.4218256916526745e-07, 8.451111379132077e-08, 4.410802533717255e-08, 0.0
29996.466666666667, 5703.733333333334, 5968.466666666666, 3784.4, 1689.0666666666666, 1088.4666666666667, 759.8666666666667, 395.6, 257.4, 136.86666666666667, 90.46666666666667, 52.733333333333334, 30.533333333333335, 16.266666666666666, 11.2, 7.6, 5.2, 3.8, 1.2666666666666666, 0.6, 0.0
35.61310620169677, 28.811417489908024, 34.17705533118837, 23.02558962931846, 13.308309851784752, 12.558839295271058, 11.68170459403174, 10.582165289874384, 9.473706302768262, 6.987608079068736, 4.218477871881699, 2.2997584414213788, 2.837839553839035, 1.4907119849998598, 1.6438437341250602, 1.478738200854589, 1.2927146286443545, 0.7180219742846005, 0.5577733510227171, 0.3771236166328254, 0.0
3, 5, 6, 8, 11, 14, 18, 24, 31, 41, 53, 69, 90, 118, 153, 199, 259, 337, 438, 570, 741, 963
3.872983346207417, 5.477225575051661, 6.928203230275509, 9.38083151964686, 12.409673645990857, 15.874507866387544, 20.784609690826528, 27.27636339397171, 35.651086939951774, 46.61544808322666, 60.473134530963414, 78.80355321938218, 103.05338422390601, 134.36517405935214, 174.4906874305904, 227.02643017939565, 295.43696451189044, 384.1952628547104, 499.65988432132514, 649.8999923065087, 844.7384210511559, 1098.0327863957432, 1427.6750330519897
0.300047, 0.11447199999999999, 0.059465, 0.025238222222222224, 0.011220444444444444, 0.005507666666666666, 0.002496111111111111, 0.0011256190476190476, 0.0005193333333333332, 0.0002302222222222222, 0.0001065, 5.063492063492063e-05, 2.2095238095238093e-05, 9.999999999999999e-06, 4.579710144927536e-06, 2.0999999999999994e-06, 1.094017094017094e-06, 5.676567656765676e-07, 3.383838383838384e-07, 7.797270955165691e-08, 5.105105105105105e-08, 2.3068050749711652e-09, 0.0
0.0002728617883756467, 0.0005947354220342205, 0.00020463626267111162, 0.00013202431500707133, 9.329205436374212e-05, 4.620425665816228e-05, 2.777911107911264e-05, 1.2962181166361225e-05, 6.163692976707312e-06, 4.773900235320187e-06, 3.334374837290426e-06, 2.5661321114871392e-06, 9.943149056105286e-07, 7.718399843563736e-07, 4.6195296957997754e-07, 3.27730693416725e-07, 2.4889264578736817e-07, 1.5675699124802533e-07, 5.1505247612048325e-08, 2.4032803130483342e-08, 2.2067475160208812e-08, 4.6136101499423304e-09, 0.0
60009.4, 11447.2, 11893.0, 7571.466666666666, 3366.133333333333, 2203.0666666666666, 1497.6666666666667, 787.9333333333333, 519.3333333333334, 276.26666666666665, 170.4, 106.33333333333333, 61.86666666666667, 35.0, 21.066666666666666, 12.6, 8.533333333333333, 5.733333333333333, 4.466666666666667, 1.3333333333333333, 1.1333333333333333, 0.06666666666666667, 0.0
54.5723576751291, 59.47354220342204, 40.927252534222234, 39.60729450212141, 27.987616309122625, 18.48170266326491, 16.667466647467588, 9.073526816452844, 6.163692976707318, 5.7286802823842224, 5.334999739664681, 5.388877434122992, 2.78408173570948, 2.701439945247308, 2.124983660067897, 1.96638416050035, 1.9413626371414714, 1.5832456116050557, 0.679869268479038, 0.41096093353126506, 0.4898979485566357, 0.13333333333333336, 0.0
3, 5, 6, 8, 11, 14, 18, 24, 31, 41, 53, 69, 90, 118, 153, 199, 259, 337, 438, 570, 741, 963, 1252, 1628
