RA, 20, 3, 3, 1.3
1000.0, 2000.0, 5000.0, 10000.0, 20000.0, 50000.0, 100000.0
23.8, 26.75, 30.2, 32.1, 34.25, 38.15, 40.8
1.661324772583615, 1.7853571071357126, 2.227105745132009, 2.4062418831031933, 2.321098877687032, 1.9306734576307822, 2.1354156504062627
3.872983346207417, 5.477225575051661, 6.928203230275509, 9.38083151964686, 12.409673645990857, 15.874507866387544, 20.784609690826528, 27.27636339397171, 35.651086939951774
0.22014999999999998, 0.139, 0.09317500000000001, 0.04491666666666667, 0.01888333333333333, 0.007725000000000001, 0.001866666666666667, 0.00012142857142857144, 0.0
0.004050000000000003, 0.01142365965879586, 0.005052907578810444, 0.0030457164820266664, 0.001292177318413468, 0.0009317322576792112, 0.0005715476066494083, 0.00013758114488755872, 0.0
440.3, 139.0, 186.35, 134.75, 56.65, 30.9, 11.2, 0.85, 0.0
8.1, 11.423659658795863, 10.105815157620885, 9.137149446079997, 3.8765319552404045, 3.726929030716845, 3.4292856398964497, 0.9630680142129111, 0.0
3, 5, 6, 8, 11, 14, 18, 24, 31, 41
3.872983346207417, 5.477225575051661, 6.928203230275509, 9.38083151964686, 12.409673645990857, 15.874507866387544, 20.784609690826528, 27.27636339397171, 35.651086939951774
0.2179875, 0.14315, 0.09191250000000001, 0.045974999999999995, 0.01915, 0.007193750000000001, 0.001908333333333333, 0.00020714285714285713, 0.0
0.0035632455360247103, 0.006848539990392108, 0.004031342053212556, 0.0020944868106531496, 0.0012426450284239135, 0.0005666168789402588, 0.00028124228384476997, 0.00010326308782000683, 0.0
871.95, 286.3, 367.65, 275.85, 114.9, 57.55, 22.9, 2.9, 0.0
14.252982144098828, 13.697079980784226, 16.125368212850212, 12.566920863918892, 7.455870170543475, 4.532935031522071, 3.3749074061372406, 1.4456832294800963, 0.0
3, 5, 6, 8, 11, 14, 18, 24, 31, 41
3.872983346207417, 5.477225575051661, 6.928203230275509, 9.38083151964686, 12.409673645990857, 15.874507866387544, 20.784609690826528, 27.27636339397171, 35.651086939951774, 46.61544808322666
0.21818500000000002, 0.14231, 0.092335, 0.04568333333333333, 0.01912, 0.0072475, 0.0018466666666666662, 0.00029428571428571427, 1.1e-05, 0.0
0.003090028317022353, 0.006099991803273181, 0.0027434057301099313, 0.0013467450472239434, 0.0007588295080070504, 0.0004747301865270419, 9.568466729604892e-05, 6.583839212458806e-05, 1.4798648586948742e-05, 0.0
2181.85, 711.55, 923.35, 685.25, 286.8, 144.95, 55.4, 10.3, 0.55, 0.0
30.900283170223535, 30.49995901636591, 27.434057301099305, 20.201175708359155, 11.382442620105756, 9.494603730540838, 2.8705400188814645, 2.3043437243605824, 0.7399324293474372, 0.0
3, 5, 6, 8, 11, 14, 18, 24, 31, 41, 53
3.872983346207417, 5.477225575051661, 6.928203230275509, 9.38083151964686, 12.409673645990857, 15.874507866387544, 20.784609690826528, 27.27636339397171, 35.651086939951774, 46.61544808322666
0.21856250000000005, 0.141115, 0.09210499999999999, 0.04593499999999999, 0.019248333333333333, 0.0071400000000000005, 0.001855, 0.00030785714285714276, 1.5500000000000004e-05, 0.0
0.001397039280049061, 0.003053076317421493, 0.0016797990951301278, 0.0006686200548725529, 0.0008310953281329673, 0.0003309456148674583, 0.00014963845316851777, 5.669017119575564e-05, 1.4654350889752847e-05, 0.0
4371.25, 1411.15, 1842.1, 1378.05, 577.45, 285.6, 111.3, 21.55, 1.55, 0.0
27.94078560098123, 30.530763174214954, 33.59598190260258, 20.058601646176633, 24.932859843989014, 13.23782459469833, 8.978307190111062, 3.968311983702894, 1.4654350889752845, 0.0
3, 5, 6, 8, 11, 14, 18, 24, 31, 41, 53
3.872983346207417, 5.477225575051661, 6.928203230275509, 9.38083151964686, 12.409673645990857, 15.874507866387544, 20.784609690826528, 27.27636339397171, 35.651086939951774, 46.61544808322666
0.21869375, 0.1403375, 0.0925125, 0.0457225, 0.019309166666666665, 0.007236874999999999, 0.0018091666666666668, 0.00030250000000000003, 2.3499999999999995e-05, 0.0
0.0007233548143891794, 0.0015841302818897173, 0.0014075133214289666, 0.0006646485077760188, 0.0006249549983798833, 0.0002963178983372418, 7.297735569643811e-05, 4.369858494883572e-05, 1.0499999999999998e-05, 0.0
8747.75, 2806.75, 3700.5, 2743.35, 1158.55, 578.95, 217.1, 42.35, 4.7, 0.0
28.93419257556706, 31.682605637794378, 56.30053285715864, 39.878910466561145, 37.497299902793, 23.705431866979346, 8.757282683572571, 6.117801892837003, 2.1, 0.0
3, 5, 6, 8, 11, 14, 18, 24, 31, 41, 53
3.872983346207417, 5.477225575051661, 6.928203230275509, 9.38083151964686, 12.409673645990857, 15.874507866387544, 20.784609690826528, 27.27636339397171, 35.651086939951774, 46.61544808322666
0.2185905, 0.14134700000000003, 0.09203699999999998, 0.04578466666666666, 0.01926733333333333, 0.007233000000000001, 0.0018261666666666665, 0.000296, 2.7899999999999994e-05, 1.6666666666666668e-07
0.0006448835166136603, 0.0015889905600726534, 0.0009226434847762152, 0.0005155885525838972, 0.0003464351791220596, 0.00019624856687374813, 6.230101657811583e-05, 2.382589913073073e-05, 4.357751713900185e-06, 5.000000000000001e-07
21859.05, 7067.35, 9203.7, 6867.7, 2890.1, 1446.6, 547.85, 103.6, 13.95, 0.1
64.48835166136595, 79.4495280036326, 92.26434847762162, 77.3382828875842, 51.965276868308905, 39.24971337474963, 18.690304973434756, 8.339064695755754, 2.178875856950093, 0.30000000000000004
3, 5, 6, 8, 11, 14, 18, 24, 31, 41, 53
3.872983346207417, 5.477225575051661, 6.928203230275509, 9.38083151964686, 12.409673645990857, 15.874507866387544, 20.784609690826528, 27.27636339397171, 35.651086939951774, 46.61544808322666, 60.473134530963414
0.21881974999999998, 0.1405555, 0.09219124999999999, 0.04569333333333334, 0.019354333333333328, 0.007231874999999999, 0.0018363333333333333, 0.0002897142857142858, 2.98e-05, 6.666666666666665e-07, 0.0
0.0003315511838313968, 0.0009809356502849713, 0.00047473907307067094, 0.00024951953831313454, 0.00018478846765363364, 0.0001273697251115821, 4.416383638730279e-05, 1.870064933937552e-05, 4.319722213291037e-06, 8.164965809277259e-07, 0.0
43763.95, 14055.55, 18438.25, 13708.0, 5806.3, 2892.75, 1101.8, 202.8, 29.8, 0.8, 0.0
66.31023676627916, 98.09356502849717, 94.94781461413422, 74.85586149394047, 55.43654029608991, 50.94789004463286, 26.498301832381635, 13.090454537562858, 4.319722213291036, 0.9797958971132712, 0.0
3, 5, 6, 8, 11, 14, 18, 24, 31, 41, 53, 69
