PA, 5, 3, 3, 1.3
1000.0, 2000.0, 5000.0, 10000.0, 20000.0, 50000.0, 100000.0
82.4, 115.4, 167.4, 264.8, 368.8, 509.6, 816.6
8.522910301065007, 14.249210504445502, 19.80504986108341, 15.829087149927503, 47.054861597926305, 89.46194721779759, 113.1186987195309
3.872983346207417, 5.477225575051661, 6.928203230275509, 9.38083151964686, 12.409673645990857, 15.874507866387544, 20.784609690826528, 27.27636339397171, 35.651086939951774, 46.61544808322666, 60.473134530963414, 78.80355321938218, 103.05338422390601, 134.36517405935214
0.2986, 0.11240000000000001, 0.0612, 0.025266666666666666, 0.01, 0.00575, 0.002533333333333333, 0.001314285714285714, 0.0006200000000000001, 0.00036666666666666667, 0.00016250000000000002, 5.7142857142857135e-05, 1.4285714285714284e-05, 0.0
0.005651548460377922, 0.00703135833249878, 0.004377213725647859, 0.0018785337071473842, 0.0013498971154211061, 0.000758287544405155, 0.00024494897427831795, 0.0002618614682831908, 0.00018330302779823358, 0.0002013840995599095, 3.061862178478972e-05, 3.563483225498992e-05, 2.8571428571428567e-05, 0.0
597.2, 112.4, 122.4, 75.8, 30.0, 23.0, 15.2, 9.2, 6.2, 4.4, 2.6, 1.2, 0.4, 0.0
11.303096920755832, 7.031358332498778, 8.754427451295717, 5.635601121442148, 4.049691346263317, 3.03315017762062, 1.4696938456699067, 1.8330302779823362, 1.8330302779823362, 2.4166091947189146, 0.4898979485566356, 0.7483314773547883, 0.8, 0.0
3, 5, 6, 8, 11, 14, 18, 24, 31, 41, 53, 69, 90, 118, 153
3.872983346207417, 5.477225575051661, 6.928203230275509, 9.38083151964686, 12.409673645990857, 15.874507866387544, 20.784609690826528, 27.27636339397171, 35.651086939951774, 46.61544808322666, 60.473134530963414, 78.80355321938218, 103.05338422390601, 134.36517405935214, 174.4906874305904
0.29664999999999997, 0.1146, 0.061250000000000006, 0.025233333333333337, 0.011366666666666666, 0.00575, 0.002483333333333333, 0.001, 0.00072, 0.0002666666666666667, 0.00011250000000000001, 8.095238095238095e-05, 2.8571428571428567e-05, 5.7142857142857145e-06, 0.0
0.003753664875824688, 0.006873136110975835, 0.004519402615390669, 0.0023513589451397863, 0.0007774602526460411, 0.0009387491677759295, 0.0005807083796728115, 0.00016288220358559108, 0.000163095064303001, 6.236095644623236e-05, 4.677071733467427e-05, 3.2296809443453654e-05, 1.4285714285714285e-05, 6.998542122237651e-06, 0.0
1186.6, 229.2, 245.0, 151.4, 68.2, 46.0, 29.8, 14.0, 14.4, 6.4, 3.6, 3.4, 1.6, 0.4, 0.0
15.014659503298768, 13.746272221951667, 18.077610461562667, 14.10815367083872, 4.66476151587624, 7.5099933422074345, 6.968500556073738, 2.280350850198276, 3.2619012860600183, 1.4966629547095764, 1.4966629547095764, 1.3564659966250536, 0.8, 0.48989794855663565, 0.0
3, 5, 6, 8, 11, 14, 18, 24, 31, 41, 53, 69, 90, 118, 153, 199
3.872983346207417, 5.477225575051661, 6.928203230275509, 9.38083151964686, 12.409673645990857, 15.874507866387544, 20.784609690826528, 27.27636339397171, 35.651086939951774, 46.61544808322666, 60.473134530963414, 78.80355321938218, 103.05338422390601, 134.36517405935214, 174.4906874305904, 227.02643017939565, 295.43696451189044
0.29788000000000003, 0.11903999999999999, 0.05937999999999999, 0.024506666666666666, 0.011653333333333332, 0.00552, 0.0024000000000000002, 0.0012342857142857142, 0.00048400000000000016, 0.0002433333333333333, 0.00014, 6.095238095238095e-05, 2.571428571428571e-05, 1.7142857142857142e-05, 4.347826086956521e-06, 6.666666666666667e-07, 0.0
0.00109799817850487, 0.0035200000000000006, 0.0011196428001822723, 0.001183291079057801, 0.0006482797749943058, 0.00042731721238443006, 0.0002851899951494324, 0.00011050902631893565, 5.8514955353311186e-05, 1.999999999999999e-05, 5.1478150704935e-05, 2.454114043185738e-05, 1.245399698154478e-05, 9.561828874675148e-06, 2.7498066610159816e-06, 1.3333333333333332e-06, 0.0
2978.8, 595.2, 593.8, 367.6, 174.8, 110.4, 72.0, 43.2, 24.2, 14.6, 11.2, 6.4, 3.6, 3.0, 1.0, 0.2, 0.0
10.979981785048643, 17.6, 11.196428001822724, 17.749366185867036, 9.724196624914574, 8.546344247688598, 8.555699854482976, 3.867815921162743, 2.9257477676655586, 1.2, 4.1182520563948, 2.5768197453450252, 1.7435595774162693, 1.6733200530681511, 0.6324555320336759, 0.4000000000000001, 0.0
3, 5, 6, 8, 11, 14, 18, 24, 31, 41, 53, 69, 90, 118, 153, 199, 259, 337
3.872983346207417, 5.477225575051661, 6.928203230275509, 9.38083151964686, 12.409673645990857, 15.874507866387544, 20.784609690826528, 27.27636339397171, 35.651086939951774, 46.61544808322666, 60.473134530963414, 78.80355321938218, 103.05338422390601, 134.36517405935214, 174.4906874305904, 227.02643017939565, 295.43696451189044, 384.1952628547104
0.29953, 0.1125, 0.06118, 0.02432666666666667, 0.011553333333333334, 0.005745, 0.002543333333333333, 0.0010685714285714287, 0.000518, 0.00026, 0.00010375, 4.571428571428571e-05, 2.642857142857143e-05, 1.4857142857142857e-05, 6.956521739130434e-06, 2.333333333333333e-06, 1.0256410256410257e-06, 0.0
0.000793473376995096, 0.002959053902854763, 0.0017116074316267757, 0.0009478396488858226, 0.00022370615647416737, 0.00020760539492026704, 9.104333522498438e-05, 8.590455073355945e-05, 2.4819347291981723e-05, 3.993049516903645e-05, 3.5266839949164717e-05, 2.1423279769908556e-05, 6.99854212223765e-06, 5.827450872677469e-06, 3.478260869565217e-06, 1.699673171197595e-06, 9.593993299420362e-07, 0.0
5990.6, 1125.0, 1223.6, 729.8, 346.6, 229.8, 152.6, 74.8, 51.8, 31.2, 16.6, 9.6, 7.4, 5.2, 3.2, 1.4, 0.8, 0.0
15.869467539901898, 29.59053902854762, 34.23214863253546, 28.435189466574684, 6.711184694225007, 8.304215796810679, 5.4626001134990645, 6.013318551349164, 2.481934729198171, 4.791659420284375, 5.642694391866354, 4.498888751680798, 1.9595917942265424, 2.0396078054371136, 1.6, 1.019803902718557, 0.7483314773547883, 0.0
3, 5, 6, 8, 11, 14, 18, 24, 31, 41, 53, 69, 90, 118, 153, 199, 259, 337, 438
3.872983346207417, 5.477225575051661, 6.928203230275509, 9.38083151964686, 12.409673645990857, 15.874507866387544, 20.784609690826528, 27.27636339397171, 35.651086939951774, 46.61544808322666, 60.473134530963414, 78.80355321938218, 103.05338422390601, 134.36517405935214, 174.4906874305904, 227.02643017939565, 295.43696451189044, 384.1952628547104, 499.65988432132514
0.300445, 0.11251, 0.059645000000000004, 0.02561, 0.011106666666666667, 0.005455, 0.002535, 0.0011614285714285713, 0.000486, 0.00021833333333333335, 0.00010562499999999999, 5.619047619047619e-05, 2.2142857142857138e-05, 8.857142857142858e-06, 6.956521739130434e-06, 4.333333333333333e-06, 1.282051282051282e-06, 3.9603960396039606e-07, 0.0
0.0012496399481450712, 0.0015605768164367974, 0.0008605811989580063, 0.0004945929864264377, 0.0005406374837993474, 0.00034045924866274387, 9.623466688834704e-05, 6.171031733272912e-05, 3.246536616149589e-05, 2.2760833806246113e-05, 1.8371173070873833e-05, 9.355658430661192e-06, 3.677010764638215e-06, 1.8952141659173713e-06, 8.695652173913046e-07, 1.6996731711975946e-06, 7.022084070579052e-07, 1.9801980198019803e-07, 0.0
12017.8, 2250.2, 2385.8, 1536.6, 666.4, 436.4, 304.2, 162.6, 97.2, 52.4, 33.8, 23.6, 12.4, 6.2, 6.4, 5.2, 2.0, 0.8, 0.0
49.985597925802594, 31.21153632873589, 34.42324795832026, 29.67557918558625, 32.4382490279608, 27.2367398930195, 11.548160026601641, 8.639444426582072, 6.49307323229917, 5.4626001134990645, 5.878775382679627, 3.9293765408777004, 2.0591260281974, 1.32664991614216, 0.8, 2.039607805437114, 1.0954451150103321, 0.4, 0.0
3, 5, 6, 8, 11, 14, 18, 24, 31, 41, 53, 69, 90, 118, 153, 199, 259, 337, 438, 570
3.872983346207417, 5.477225575051661, 6.928203230275509, 9.38083151964686, 12.409673645990857, 15.874507866387544, 20.784609690826528, 27.27636339397171, 35.651086939951774, 46.61544808322666, 60.473134530963414, 78.80355321938218, 103.05338422390601, 134.36517405935214, 174.4906874305904, 227.02643017939565, 295.43696451189044, 384.1952628547104, 499.65988432132514, 649.8999923065087, 844.7384210511559
0.300026, 0.113944, 0.059699999999999996, 0.02515866666666667, 0.011418666666666666, 0.005422, 0.002496, 0.0011388571428571428, 0.0005120000000000001, 0.000219, 0.00011275, 5.276190476190476e-05, 2.3714285714285717e-05, 8.914285714285714e-06, 4.7826086956521735e-06, 2.8000000000000003e-06, 1.2307692307692308e-06, 7.920792079207921e-07, 2.4242424242424244e-07, 2.3391812865497076e-08, 0.0
0.0006937895934647759, 0.0008345921159464647, 0.0003269250678672411, 0.00015104966070799417, 0.00014801801692136446, 0.00014119490075778236, 6.04575149266915e-05, 5.2825473137917994e-05, 2.4298148077579905e-05, 2.5333333333333337e-05, 1.2879246872391256e-05, 5.605310083642729e-06, 2.8713930346059696e-06, 1.1197667395580238e-06, 6.148754619013457e-07, 8.055363982396383e-07, 2.9902317409463075e-07, 3.313505055580497e-07, 1.54515742836145e-07, 4.678362573099416e-08, 0.0
30002.6, 5697.2, 5970.0, 3773.8, 1712.8, 1084.4, 748.8, 398.6, 256.0, 131.4, 90.2, 55.4, 33.2, 15.6, 11.0, 8.4, 4.8, 4.0, 1.6, 0.2, 0.0
69.37895934647622, 41.729605797323316, 32.69250678672408, 22.657449106199046, 22.202702538204665, 28.238980151556465, 18.137254478007414, 18.48891559827131, 12.149074038789951, 15.200000000000001, 10.303397497913005, 5.885575587824865, 4.019950248448356, 1.9595917942265424, 1.4142135623730951, 2.4166091947189146, 1.16619037896906, 1.6733200530681511, 1.019803902718557, 0.4000000000000001, 0.0
3, 5, 6, 8, 11, 14, 18, 24, 31, 41, 53, 69, 90, 118, 153, 199, 259, 337, 438, 570, 741, 963
3.872983346207417, 5.477225575051661, 6.928203230275509, 9.38083151964686, 12.409673645990857, 15.874507866387544, 20.784609690826528, 27.27636339397171, 35.651086939951774, 46.61544808322666, 60.473134530963414, 78.80355321938218, 103.05338422390601, 134.36517405935214, 174.4906874305904, 227.02643017939565, 295.43696451189044, 384.1952628547104, 499.65988432132514, 649.8999923065087, 844.7384210511559, 1098.0327863957432
0.300288, 0.11469800000000001, 0.059236, 0.025180666666666667, 0.011149333333333332, 0.005518, 0.002542, 0.0011054285714285714, 0.0005221999999999999, 0.0002228333333333333, 0.0001075, 4.895238095238095e-05, 2.1642857142857143e-05, 1.1257142857142857e-05, 4.434782608695652e-06, 2.3666666666666663e-06, 1.0256410256410257e-06, 6.732673267326733e-07, 2.878787878787879e-07, 1.0526315789473683e-07, 3.6036036036036035e-08, 0.0
0.000251884894346605, 0.000780804713100528, 0.00032184468303826197, 0.00022857432537846814, 0.00010298651475908049, 0.00010425209830022617, 6.481940724470991e-05, 2.104223158802516e-05, 1.257616793780998e-05, 8.106924338010206e-06, 5.955564624785798e-06, 5.958282788425544e-06, 1.4392458342578493e-06, 9.99591753402052e-07, 5.253498249388944e-07, 5.517648452415616e-07, 4.213250442347432e-07, 3.093168188477883e-07, 1.3033826162185795e-07, 4.3762074699110424e-08, 3.370862510607154e-08, 0.0
60057.6, 11469.8, 11847.2, 7554.2, 3344.8, 2207.2, 1525.2, 773.8, 522.2, 267.4, 172.0, 102.8, 60.6, 39.4, 20.4, 14.2, 8.0, 6.8, 3.8, 1.8, 0.8, 0.0
50.37697886932085, 78.08047131005294, 64.3689366076526, 68.5722976135407, 30.89595442772403, 41.700839320090424, 38.89164434682597, 14.729562111617575, 12.576167937809991, 9.728309205612247, 9.528903399657276, 12.512393855693642, 4.029888335921977, 3.49857113690718, 2.4166091947189146, 3.3105890714493698, 3.286335345030997, 3.124099870362662, 1.7204650534085255, 0.7483314773547883, 0.7483314773547883, 0.0
3, 5, 6, 8, 11, 14, 18, 24, 31, 41, 53, 69, 90, 118, 153, 199, 259, 337, 438, 570, 741, 963, 1252
