PA, 20, 3, 3, 1.3
1000.0, 2000.0, 5000.0, 10000.0, 20000.0, 50000.0, 100000.0
78.95, 112.05, 174.3, 252.4, 356.8, 550.0, 796.45
4.6491934784433315, 7.009992867328753, 11.28273016605467, 15.7015922759445, 24.668400839940965, 38.81687777243296, 52.02657974535708
3.872983346207417, 5.477225575051661, 6.928203230275509, 9.38083151964686, 12.409673645990857, 15.874507866387544, 20.784609690826528, 27.27636339397171, 35.651086939951774, 46.61544808322666, 60.473134530963414, 78.80355321938218, 103.05338422390601, 134.36517405935214
0.29837499999999995, 0.11215, 0.05952500000000001, 0.026000000000000002, 0.010733333333333334, 0.0056749999999999995, 0.0025083333333333333, 0.0013499999999999999, 0.00058, 0.0004, 0.000159375, 6.190476190476189e-05, 7.142857142857142e-06, 0.0
0.00252438111227287, 0.005801292959332428, 0.0024002604025396917, 0.0015767406607020418, 0.0006442049363362564, 0.0004315669125408016, 0.00019825628755617205, 0.00014106012612951068, 0.00011853269591129698, 7.192781875680028e-05, 2.4206145913796357e-05, 2.258769757263128e-05, 8.375742428256123e-06, 0.0
596.75, 112.15, 119.05, 78.0, 32.2, 22.7, 15.05, 9.45, 5.8, 4.8, 2.55, 1.3, 0.2, 0.0
5.048762224545735, 5.801292959332428, 4.800520805079382, 4.730221982106125, 1.932614809008769, 1.7262676501632068, 1.1895377253370318, 0.987420882906575, 1.1853269591129698, 0.8631338250816034, 0.3872983346207417, 0.4743416490252569, 0.23452078799117143, 0.0
3, 5, 6, 8, 11, 14, 18, 24, 31, 41, 53, 69, 90, 118, 153
3.872983346207417, 5.477225575051661, 6.928203230275509, 9.38083151964686, 12.409673645990857, 15.874507866387544, 20.784609690826528, 27.27636339397171, 35.651086939951774, 46.61544808322666, 60.473134530963414, 78.80355321938218, 103.05338422390601, 134.36517405935214, 174.4906874305904, 227.02643017939565
0.2975125, 0.11517499999999999, 0.05995, 0.02541666666666667, 0.011391666666666666, 0.00570625, 0.0024583333333333336, 0.0010964285714285711, 0.0006050000000000002, 0.0002666666666666667, 0.0001359375, 8.928571428571429e-05, 2.589285714285714e-05, 5.000000000000001e-06, 5.434782608695652e-07, 0.0
0.0017389831799071525, 0.0035777087639996654, 0.0019210999453438131, 0.0008710625695092175, 0.0004993050726315087, 0.0003995114203624222, 0.00021690691808033948, 0.00014241001455269202, 8.336666000266533e-05, 5.0432160153792525e-05, 3.307189138830739e-05, 1.496405367854349e-05, 8.47038658973673e-06, 3.912303982179757e-06, 1.0869565217391303e-06, 0.0
1190.05, 230.35, 239.8, 152.5, 68.35, 45.65, 29.5, 15.35, 12.1, 6.4, 4.35, 3.75, 1.45, 0.35, 0.05, 0.0
6.955932719628619, 7.155417527999328, 7.68439978137525, 5.226375417055304, 2.995830435789048, 3.1960913628993777, 2.6028830169640735, 1.9937402037376888, 1.6673332000533065, 1.2103718436910205, 1.0583005244258363, 0.6284902544988267, 0.4743416490252569, 0.2738612787525831, 0.10000000000000002, 0.0
3, 5, 6, 8, 11, 14, 18, 24, 31, 41, 53, 69, 90, 118, 153, 199, 259
3.872983346207417, 5.477225575051661, 6.928203230275509, 9.38083151964686, 12.409673645990857, 15.874507866387544, 20.784609690826528, 27.27636339397171, 35.651086939951774, 46.61544808322666, 60.473134530963414, 78.80355321938218, 103.05338422390601, 134.36517405935214, 174.4906874305904, 227.02643017939565, 295.43696451189044
0.29875, 0.11555, 0.05976, 0.02489, 0.011423333333333334, 0.0055249999999999995, 0.0026133333333333334, 0.00112, 0.0005120000000000001, 0.00023499999999999997, 0.00012749999999999998, 5.285714285714286e-05, 3.357142857142857e-05, 1.6285714285714287e-05, 4.9999999999999996e-06, 6.666666666666667e-07, 0.0
0.0011084674104365907, 0.0018114634967340633, 0.0008178019320104349, 0.0004869405621953368, 0.0002566883107757129, 0.00022915606036061974, 0.00012355835328567088, 6.0743690358483756e-05, 3.9999999999999996e-05, 1.8671130418673397e-05, 2.0386883037875112e-05, 1.1268723396380219e-05, 6.851187890446742e-06, 3.4285714285714277e-06, 1.7391304347826085e-06, 6.236095644623234e-07, 0.0
2987.5, 577.75, 597.6, 373.35, 171.35, 110.5, 78.4, 39.2, 25.6, 14.1, 10.2, 5.55, 4.7, 2.85, 1.15, 0.2, 0.0
11.084674104365902, 9.057317483670317, 8.178019320104347, 7.304108432930059, 3.850324661635691, 4.583121207212395, 3.7067505985701272, 2.12602916254693, 2.0, 1.120267825120404, 1.630950643030009, 1.1832159566199232, 0.959166304662544, 0.6, 0.4, 0.1870828693386971, 0.0
3, 5, 6, 8, 11, 14, 18, 24, 31, 41, 53, 69, 90, 118, 153, 199, 259, 337
3.872983346207417, 5.477225575051661, 6.928203230275509, 9.38083151964686, 12.409673645990857, 15.874507866387544, 20.784609690826528, 27.27636339397171, 35.651086939951774, 46.61544808322666, 60.473134530963414, 78.80355321938218, 103.05338422390601, 134.36517405935214, 174.4906874305904, 227.02643017939565, 295.43696451189044, 384.1952628547104, 499.65988432132514
0.2997875, 0.113195, 0.059919999999999994, 0.02505, 0.011378333333333334, 0.00557875, 0.0025208333333333333, 0.001167857142857143, 0.0005205000000000001, 0.0002316666666666667, 0.0001071875, 5.1190476190476193e-05, 2.339285714285714e-05, 1.4285714285714287e-05, 7.826086956521738e-06, 2.4166666666666667e-06, 6.41025641025641e-07, 4.950495049504951e-08, 0.0
0.0005701096385784066, 0.0015620179256333774, 0.0008393673212604839, 0.0003795025984393549, 0.00022500617275483312, 0.00015731139501002467, 7.605736139403092e-05, 5.6990869300910554e-05, 1.842552577268828e-05, 1.4493772609105069e-05, 1.3484655631494636e-05, 7.589227357385346e-06, 3.6596252735569993e-06, 3.257644071711822e-06, 1.2393211142381934e-06, 8.333333333333333e-07, 4.0542021284209995e-07, 9.9009900990099e-08, 0.0
5995.75, 1131.95, 1198.4, 751.5, 341.35, 223.15, 151.25, 81.75, 52.05, 27.8, 17.15, 10.75, 6.55, 5.0, 3.6, 1.45, 0.5, 0.05, 0.0
11.402192771568107, 15.620179256333776, 16.78734642520967, 11.385077953180646, 6.750185182644991, 6.292455800400985, 4.563441683641853, 3.989360851063739, 1.8425525772688278, 1.7392527130926083, 2.1575449010391416, 1.5937377450509227, 1.02469507659596, 1.1401754250991378, 0.570087712549569, 0.5000000000000001, 0.31622776601683794, 0.10000000000000002, 0.0
3, 5, 6, 8, 11, 14, 18, 24, 31, 41, 53, 69, 90, 118, 153, 199, 259, 337, 438, 570
3.872983346207417, 5.477225575051661, 6.928203230275509, 9.38083151964686, 12.409673645990857, 15.874507866387544, 20.784609690826528, 27.27636339397171, 35.651086939951774, 46.61544808322666, 60.473134530963414, 78.80355321938218, 103.05338422390601, 134.36517405935214, 174.4906874305904, 227.02643017939565, 295.43696451189044, 384.1952628547104, 499.65988432132514, 649.8999923065087
0.2998425, 0.11395249999999998, 0.05949625000000001, 0.02542583333333333, 0.011103333333333333, 0.00553875, 0.0025475000000000003, 0.001143214285714286, 0.000511, 0.00023770833333333334, 0.0001059375, 4.94047619047619e-05, 2.3303571428571423e-05, 1.0428571428571427e-05, 5.760869565217391e-06, 4.000000000000001e-06, 9.935897435897436e-07, 4.207920792079209e-07, 1.893939393939394e-08, 0.0
0.0005257108283077321, 0.0008145550932871273, 0.0004568882522017831, 0.0002200378755275253, 0.00018652896706826966, 0.00011748005149811607, 6.518936092475349e-05, 3.719433246271454e-05, 2.1333658851683182e-05, 9.655525188547058e-06, 6.339207117218996e-06, 4.9372479412685044e-06, 2.7950849718747372e-06, 1.8708286933869708e-06, 1.0677653643689403e-06, 6.123724356957945e-07, 3.2370208135775887e-07, 1.6787945502785317e-07, 3.787878787878788e-08, 0.0
11993.7, 2279.05, 2379.85, 1525.55, 666.2, 443.1, 305.7, 160.05, 102.2, 57.05, 33.9, 20.75, 13.05, 7.3, 5.3, 4.8, 1.55, 0.85, 0.05, 0.0
21.028433132309218, 16.291101865742537, 18.275530088071314, 13.202272531651511, 11.191738024096168, 9.398404119849284, 7.822723310970419, 5.207206544780032, 4.266731770336635, 2.317326045251293, 2.0285462775100793, 2.073644135332772, 1.565247584249853, 1.3095800853708792, 0.982344135219425, 0.7348469228349535, 0.5049752469181039, 0.33911649915626335, 0.10000000000000002, 0.0
3, 5, 6, 8, 11, 14, 18, 24, 31, 41, 53, 69, 90, 118, 153, 199, 259, 337, 438, 570, 741
3.872983346207417, 5.477225575051661, 6.928203230275509, 9.38083151964686, 12.409673645990857, 15.874507866387544, 20.784609690826528, 27.27636339397171, 35.651086939951774, 46.61544808322666, 60.473134530963414, 78.80355321938218, 103.05338422390601, 134.36517405935214, 174.4906874305904, 227.02643017939565, 295.43696451189044, 384.1952628547104, 499.65988432132514, 649.8999923065087, 844.7384210511559
0.29983299999999996, 0.114107, 0.059767, 0.02523766666666667, 0.011304333333333333, 0.005443249999999999, 0.0025130000000000005, 0.0011305714285714285, 0.0005153999999999998, 0.00023058333333333335, 0.0001123125, 4.995238095238094e-05, 2.1750000000000004e-05, 9.571428571428572e-06, 5.08695652173913e-06, 2.3333333333333336e-06, 1.307692307692308e-06, 7.722772277227724e-07, 2.0454545454545458e-07, 5.84795321637427e-08, 0.0
0.00035026775472486754, 0.00047975618807890306, 0.000301609018432805, 0.00015031670270169924, 8.454847393326754e-05, 5.4355312527847694e-05, 2.960105103239109e-05, 2.4106904760728973e-05, 1.733781993215987e-05, 9.193143580347747e-06, 4.517327749898163e-06, 1.9023794624226839e-06, 1.7445249631171171e-06, 7.306692487168241e-07, 5.759844043257291e-07, 3.749073959733998e-07, 2.6274232733229744e-07, 1.128886559504097e-07, 7.422696190252055e-08, 3.5087719298245604e-08, 0.0
29983.3, 5705.35, 5976.7, 3785.65, 1695.65, 1088.65, 753.9, 395.7, 257.7, 138.35, 89.85, 52.45, 30.45, 16.75, 11.7, 7.0, 5.1, 3.9, 1.35, 0.5, 0.0
35.02677547248676, 23.987809403945167, 30.160901843280488, 22.547505405254924, 12.682271089990152, 10.871062505569546, 8.88031530971733, 8.437416666255139, 8.668909966079934, 5.515886148208645, 3.61386219991853, 1.9974984355438177, 2.4423349483639627, 1.2786711852544421, 1.324764129949177, 1.1247221879201992, 1.02469507659596, 0.5700877125495689, 0.48989794855663565, 0.30000000000000004, 0.0
3, 5, 6, 8, 11, 14, 18, 24, 31, 41, 53, 69, 90, 118, 153, 199, 259, 337, 438, 570, 741, 963
3.872983346207417, 5.477225575051661, 6.928203230275509, 9.38083151964686, 12.409673645990857, 15.874507866387544, 20.784609690826528, 27.27636339397171, 35.651086939951774, 46.61544808322666, 60.473134530963414, 78.80355321938218, 103.05338422390601, 134.36517405935214, 174.4906874305904, 227.02643017939565, 295.43696451189044, 384.1952628547104, 499.65988432132514, 649.8999923065087, 844.7384210511559, 1098.0327863957432, 1427.6750330519897
0.29999450000000005, 0.1144325, 0.05946875, 0.02523266666666667, 0.0112585, 0.005515249999999999, 0.0025146666666666664, 0.0011141428571428572, 0.0005139, 0.00023341666666666666, 0.00010590624999999999, 5.076190476190476e-05, 2.2125e-05, 9.928571428571426e-06, 4.608695652173912e-06, 2.225e-06, 1.019230769230769e-06, 5.346534653465346e-07, 3.560606060606061e-07, 9.35672514619883e-08, 4.2792792792792793e-08, 1.730103806228374e-09, 0.0
0.0002929673616633792, 0.0005258360010497573, 0.0001617084567980293, 0.00011568995923011921, 7.67351143726115e-05, 4.334599174087497e-05, 2.435130614794844e-05, 1.1945454263066804e-05, 5.816786054171152e-06, 4.652881425047877e-06, 2.943146169492776e-06, 2.2156933569774945e-06, 8.634441002668986e-07, 6.197431989566816e-07, 4.2405237398111214e-07, 2.656229575084871e-07, 1.8820408020388716e-07, 1.2024710694545663e-07, 5.081972676135885e-08, 3.2560025513625857e-08, 1.744587092886224e-08, 3.460207612456748e-09, 0.0
59998.9, 11443.25, 11893.75, 7569.8, 3377.55, 2206.1, 1508.8, 779.9, 513.9, 280.1, 169.45, 106.6, 61.95, 34.75, 21.2, 13.35, 7.95, 5.4, 4.7, 1.6, 0.95, 0.05, 0.0
58.593472332675425, 52.5836001049757, 32.3416913596058, 34.70698776903579, 23.02053431178347, 17.33839669634998, 14.610783688769057, 8.36181798414675, 5.8167860541711525, 5.583457710057451, 4.709033871188441, 4.652956049652737, 2.4176434807473166, 2.1691011963483864, 1.9506409203131159, 1.5937377450509227, 1.4679918255903197, 1.214495780149112, 0.6708203932499369, 0.5567764362830021, 0.38729833462074176, 0.10000000000000002, 0.0
3, 5, 6, 8, 11, 14, 18, 24, 31, 41, 53, 69, 90, 118, 153, 199, 259, 337, 438, 570, 741, 963, 1252, 1628
